204
8
698
143
4
417
253
49
919
860
691
868
665
802
53
338
705
290
698
740
971
627
295
95
66
602
368
552
758
583
768
208
653
122
289
875
474
227
848
659
647
255
376
793
767
94
497
619
477
706
789
361
995
962
903
218
592
980
656
67
776
305
335
687
993
833
532
907
800
616
234
840
598
329
247
35
491
350
273
569
637
834
182
124
445
557
88
987
494
727
931
629
651
584
916
54
707
923
440
402
508
835
455
846
649
414
515
542
809
662
817
993
262
110
578
880
790
466
742
334
306
383
374
122
433
729
484
191
784
491
761
500
664
681
243
95
252
842
65
957
309
794
693
341
636
931
381
98
595
211
757
63
120
8
588
796
895
824
353
375
859
990
355
62
897
886
474
129
866
898
277
261
514
557
337
626
153
436
898
70
462
701
977
202
939
911
770
410
713
57
889
770
697
678
681
500
547
318
265
390
343
57
355
913
454
676
705
732
715
925
862
838
804
987
351
27
503
855
588
238
643
223
911
476
348
457
392
777
34
685
274
780
399
987
446
845
891
91
538
304
878
787
725
137
201
259
497
950
857
84
6
148
553
639
799
194
59
235
203
570
898
398
875
742
519
388
803
183
919
45
526
216
845
537
330
689
161
791
701
319
516
715
227
609
743
157
301
70
495
670
760
522
335
942
543
768
467
465
437
472
156
320
635
89
516
779
306
410
896
780
262
379
253
871
232
993
952
421
870
870
374
936
72
310
237
753
42
197
173
997
873
279
439
838
844
568
24
38
537
849
313
78
808
956
479
556
80
759
530
931
460
396
356
724
770
337
616
843
72
971
588
60
875
174
396
828
693
695
972
932
650
242
322
864
80
847
614
86
456
455
231
162
621
349
796
271
400
944
811
343
893
29
489
331
902
681
807
6
26
819
277
803
642
680
886
872
784
281
855
314
388
783
773
215
932
606
418
811
303
7
564
850
46
719
618
629
615
85
332
311
816
185
894
215
221
952
432
136
294
836
941
891
207
120
774
742
29
409
323
54
298
640
165
872
526
205
531
526
866
429
838
317
73
643
259
610
414
213
157
229
580
277
677
197
518
696
343
699
740
932
138
715
126
650
291
189
648
827
62
122
147
494
43
890
843
167
209
906
66
612
74
978
160
713
210
549
277
531
812
914
101
321
395
383
999
23
155
669
946
700
58
422
5
444
510
771
169
184
723
362
356
576
249
541
349
146
360
958
823
540
873
350
893
542
755
853
480
227
335
883
528
846
224
117
140
970
202
219
663
137
278
671
634
518
159
720
528
470
412
452
913
880
234
372
887
870
510
665
959
667
988
940
524
444
846
195
6
996
340
464
401
856
949
859
438
385
328
768
291
847
897
19
575
818
603
352
430
420
358
887
389
659
326
412
467
99
512
437
381
935
681
572
140
975
252
948
372
390
744
897
36
723
140
168
389
775
544
741
336
686
449
212
449
790
176
479
586
157
921
142
565
447
227
828
786
116
88
998
393
288
26
214
245
796
256
574
110
723
28
729
160
159
227
539
957
97
872
520
788
983
893
154
492
159
719
180
841
930
644
795
73
76
76
373
804
456
506
529
662
808
549
62
83
146
79
336
245
919
401
277
805
525
809
541
748
892
777
136
924
733
69
825
576
589
65
344
12
882
692
238
770
101
757
105
123
605
961
431
503
221
702
400
193
187
192
852
577
321
541
787
791
880
326
99
889
872
260
260
681
253
789
856
70
388
554
710
126
883
230
821
581
646
877
221
324
405
542
562
201
427
727
394
678
617
763
806
489
913
547
621
824
391
30
675
990
505
982
968
558
240
817
725
147
390
720
378
290
879
960
747
589
565
346
169
133
851
217
60
667
811
424
974
939
331
349
219
981
481
702
301
489
800
135
195
823
643
397
185
208
638
89
299
916
620
860
788
177
682
420
51
700
298
56
260
80
501
742
669
56
40
622
143
434
295
491
436
659
767
622
224
969
684
894
71
384
891
920
158
4
98
350
414
680
340
503
683
809
776
44
844
139
33
458
787
30
113
193
619
843
478
632
785
801
662
882
562
158
951
137
748
612
607
597
410
19
154
481
839
404
378
107
628
609
529
566
228
55
842
742
948
213
933
831
360
980
809
50
73
618
995
684
338
668
797
197
90
488
546
938
428
948
462
200
897
255
827
830
296
914
598
61
444
171
399
647
755
294
863
313
622
991
460
790
164
656
1000
537
634
819
360
934
221
502
440
822
184
345
188
286
305
4
609
3
805
473
841
939
940
307
381
