40 200
0 16 3669
0 19 18042
1 12 1581
1 19 5673
1 29 9504
1 38 15852
2 5 16435
2 11 14284
2 13 6252
3 4 16404
3 28 311
3 39 6460
4 8 15045
4 34 16113
4 37 3459
5 26 7759
5 34 19568
6 5 7953
6 10 18864
6 12 1002
6 18 5017
6 20 9207
6 23 15501
6 27 2154
6 29 10517
6 33 15786
7 0 7634
7 9 4416
7 15 3124
7 20 689
7 24 7856
7 35 15073
7 38 10885
7 39 11206
8 0 13622
8 10 4865
8 22 6244
8 30 4482
9 3 11838
9 16 17435
9 22 3999
9 34 12850
10 2 135
10 5 18161
10 18 18235
10 21 12238
10 31 4170
10 39 3273
11 12 8427
11 13 13627
11 15 15688
11 22 7817
11 23 17485
11 39 14162
12 16 17549
12 17 5670
12 22 10513
12 25 6986
12 27 4050
12 29 13190
12 33 4069
13 1 16504
13 4 10241
13 16 7814
13 18 18222
13 20 10046
13 27 3565
13 28 4760
14 0 1144
14 3 3952
14 4 15291
14 6 8679
14 10 14549
14 12 2659
14 19 2467
14 28 8188
14 35 3725
15 2 8855
15 29 16934
15 30 17465
16 6 18619
16 10 1661
16 11 6700
16 30 16804
16 31 12469
16 36 11558
17 3 4431
17 11 16335
17 30 1239
17 31 1007
17 34 18929
18 5 3522
18 9 2852
18 35 17940
19 4 2151
19 7 13803
19 14 13986
19 15 13676
20 3 18049
20 6 3339
20 8 3229
20 25 15290
20 39 3464
21 3 2726
21 12 2637
21 30 12047
21 34 3134
21 39 5961
22 14 4351
22 20 184
22 28 5716
23 7 3970
23 10 14150
23 20 18392
23 33 19164
23 39 9721
24 4 13161
24 18 16869
24 29 12870
25 4 12769
25 8 9942
25 9 11642
25 17 6177
25 22 15479
25 26 4733
26 29 4525
27 4 15600
27 8 18190
27 33 17968
28 12 12157
28 21 12931
28 25 17685
28 29 11715
28 36 17336
29 9 13901
29 14 14369
29 22 4852
29 23 9031
29 27 4085
29 30 14801
29 33 17290
30 4 17579
30 11 8106
30 15 17315
30 18 6588
30 23 3855
30 25 8841
30 26 15578
30 28 7726
30 34 9904
30 35 16686
31 0 3186
31 3 2921
31 6 17835
31 9 8690
31 17 1418
31 21 217
32 2 4245
32 17 4116
32 21 5714
32 22 4051
32 26 8458
32 30 16884
33 10 3385
33 17 14161
33 25 2142
33 27 10636
33 35 8173
33 37 12455
34 6 14172
34 10 17546
34 12 10758
34 17 17503
34 36 13899
34 38 15006
35 13 13865
35 15 19178
35 26 12927
35 36 16600
36 1 15975
36 5 12530
36 12 4721
36 16 13913
36 21 18321
36 31 15847
36 32 12604
37 16 11528
37 17 2254
37 28 1279
38 8 3096
38 9 8030
38 10 12440
38 20 3453
38 28 19861
39 9 8191
39 10 850
39 18 12571
39 19 14419
39 31 12357
39 36 14851
