0
1
2
3
4
5
6
7
8
9
10
11
12
13
14
15
16
17
18
19
20
21
22
23
24
25
26
27
28
29
30
31
32
33
34
35
36
37
38
39
40
41
42
43
44
45
46
47
48
49
50
51
52
53
54
55
56
57
58
59
60
61
62
63
64
65
66
67
68
69
70
71
72
73
74
75
76
77
78
79
80
81
82
83
84
85
86
87
88
89
90
91
92
93
94
95
96
97
98
99
100
101
102
103
104
105
106
107
108
109
110
111
112
113
114
115
116
117
118
119
120
121
122
123
124
125
126
127
128
129
130
131
132
133
134
135
136
137
138
139
140
141
142
143
144
145
146
147
148
149
150
151
152
153
154
155
156
157
158
159
160
161
162
163
164
165
166
167
168
169
170
171
172
173
174
175
176
177
178
179
180
181
182
183
184
185
186
187
188
189
190
191
192
193
194
195
196
197
198
199
200
201
202
203
204
205
206
207
208
209
210
211
212
213
214
215
216
217
218
219
220
221
222
223
224
225
226
227
228
229
230
231
232
233
234
235
236
237
238
239
240
241
242
243
244
245
246
247
248
249
250
251
252
253
254
255
256
257
258
259
260
261
262
263
264
265
266
267
268
269
270
271
272
273
274
275
276
277
278
279
280
281
282
283
284
285
286
287
288
289
290
291
292
293
294
295
296
297
298
299
300
301
302
303
304
305
306
307
308
309
310
311
312
313
314
315
316
317
318
319
320
321
322
323
324
325
326
327
328
329
330
331
332
333
334
335
336
337
338
339
340
341
342
343
344
345
346
347
348
349
350
351
352
353
354
355
356
357
358
359
360
361
362
363
364
365
366
367
368
369
370
371
372
373
374
375
376
377
378
379
380
381
382
383
384
385
386
387
388
389
390
391
392
393
394
395
396
397
398
399
400
401
402
403
404
405
406
407
408
409
410
411
412
413
414
415
416
417
418
419
420
421
422
423
424
425
426
427
428
429
430
431
432
433
434
435
436
437
438
439
440
441
442
443
444
445
446
447
448
449
450
451
452
453
454
455
456
457
458
459
460
461
462
463
464
465
466
467
468
469
470
471
472
473
474
475
476
477
478
479
480
481
482
483
484
485
486
487
488
489
490
491
492
493
494
495
496
497
498
499
500
501
502
503
504
505
506
507
508
509
510
511
512
513
514
515
516
517
518
519
520
521
522
523
524
525
526
527
528
529
530
531
532
533
534
535
536
537
538
539
540
541
542
543
544
545
546
547
548
549
550
551
552
553
554
555
556
557
558
559
560
561
562
563
564
565
566
567
568
569
570
571
572
573
574
575
576
577
578
579
580
581
582
583
584
585
586
587
588
589
590
591
592
593
594
595
596
597
598
599
600
601
602
603
604
605
606
607
608
609
610
611
612
613
614
615
616
617
618
619
620
621
622
623
624
625
626
627
628
629
630
631
632
633
634
635
636
637
638
639
640
641
642
643
644
645
646
647
648
649
650
651
652
653
654
655
656
657
658
659
660
661
662
663
664
665
666
667
668
669
670
671
672
673
674
675
676
677
678
679
680
681
682
683
684
685
686
687
688
689
690
691
692
693
694
695
696
697
698
699
700
701
702
703
704
705
706
707
708
709
710
711
712
713
714
715
716
717
718
719
720
721
722
723
724
725
726
727
728
729
730
731
732
733
734
735
736
737
738
739
740
741
742
743
744
745
746
747
748
749
750
751
752
753
754
755
756
757
758
759
760
761
762
763
764
765
766
767
768
769
770
771
772
773
774
775
776
777
778
779
780
781
782
783
784
785
786
787
788
789
790
791
792
793
794
795
796
797
798
799
800
801
802
803
804
805
806
807
808
809
810
811
812
813
814
815
816
817
818
819
820
821
822
823
824
825
826
827
828
829
830
831
832
833
834
835
836
837
838
839
840
841
842
843
844
845
846
847
848
849
850
851
852
853
854
855
856
857
858
859
860
861
862
863
864
865
866
867
868
869
870
871
872
873
874
875
876
877
878
879
880
881
882
883
884
885
886
887
888
889
890
891
892
893
894
895
896
897
898
899
900
901
902
903
904
905
906
907
908
909
910
911
912
913
914
915
916
917
918
919
920
921
922
923
924
925
926
927
928
929
930
931
932
933
934
935
936
937
938
939
940
941
942
943
944
945
946
947
948
949
950
951
952
953
954
955
956
957
958
959
960
961
962
963
964
965
966
967
968
969
970
971
972
973
974
975
976
977
978
979
980
981
982
983
984
985
986
987
988
989
990
991
992
993
994
995
996
997
998
999
1000
1001
1002
1003
1004
1005
1006
1007
1008
1009
1010
1011
1012
1013
1014
1015
1016
1017
1018
1019
1020
1021
1022
1023
1024
1025
1026
1027
1028
1029
1030
1031
1032
1033
1034
1035
1036
1037
1038
1039
1040
1041
1042
1043
1044
1045
1046
1047
1048
1049
1050
1051
1052
1053
1054
1055
1056
1057
1058
1059
1060
1061
1062
1063
1064
1065
1066
1067
1068
1069
1070
1071
1072
1073
1074
1075
1076
1077
1078
1079
1080
1081
1082
1083
1084
1085
1086
1087
1088
1089
1090
1091
1092
1093
1094
1095
1096
1097
1098
1099
1100
1101
1102
1103
1104
1105
1106
1107
1108
1109
1110
1111
1112
1113
1114
1115
1116
1117
1118
1119
1120
1121
1122
1123
1124
1125
1126
1127
1128
1129
1130
1131
1132
1133
1134
1135
1136
1137
1138
1139
1140
1141
1142
1143
1144
1145
1146
1147
1148
1149
1150
1151
1152
1153
1154
1155
1156
1157
1158
1159
1160
1161
1162
1163
1164
1165
1166
1167
1168
1169
1170
1171
1172
1173
1174
1175
1176
1177
1178
1179
1180
1181
1182
1183
1184
1185
1186
1187
1188
1189
1190
1191
1192
1193
1194
1195
1196
1197
1198
1199
1200
1201
1202
1203
1204
1205
1206
1207
1208
1209
1210
1211
1212
1213
1214
1215
1216
1217
1218
1219
1220
1221
1222
1223
1224
1225
1226
1227
1228
1229
1230
1231
1232
1233
1234
1235
1236
1237
1238
1239
1240
1241
1242
1243
1244
1245
1246
1247
1248
1249
1250
1251
1252
1253
1254
1255
1256
1257
1258
1259
1260
1261
1262
1263
1264
1265
1266
1267
1268
1269
1270
1271
1272
1273
1274
1275
1276
1277
1278
1279
1280
1281
1282
1283
1284
1285
1286
1287
1288
1289
1290
1291
1292
1293
1294
1295
1296
1297
1298
1299
1300
1301
1302
1303
1304
1305
1306
1307
1308
1309
1310
1311
1312
1313
1314
1315
1316
1317
1318
1319
1320
1321
1322
1323
1324
1325
1326
1327
1328
1329
1330
1331
1332
1333
1334
1335
1336
1337
1338
1339
1340
1341
1342
1343
1344
1345
1346
1347
1348
1349
1350
1351
1352
1353
1354
1355
1356
1357
1358
1359
1360
1361
1362
1363
1364
1365
1366
1367
1368
1369
1370
1371
1372
1373
1374
1375
1376
1377
1378
1379
1380
1381
1382
1383
1384
1385
1386
1387
1388
1389
1390
1391
1392
1393
1394
1395
1396
1397
1398
1399
1400
1401
1402
1403
1404
1405
1406
1407
1408
1409
1410
1411
1412
1413
1414
1415
1416
1417
1418
1419
1420
1421
1422
1423
1424
1425
1426
1427
1428
1429
1430
1431
1432
1433
1434
1435
1436
1437
1438
1439
1440
1441
1442
1443
1444
1445
1446
1447
1448
1449
1450
1451
1452
1453
1454
1455
1456
1457
1458
1459
1460
1461
1462
1463
1464
1465
1466
1467
1468
1469
1470
1471
1472
1473
1474
1475
1476
1477
1478
1479
1480
1481
1482
1483
1484
1485
1486
1487
1488
1489
1490
1491
1492
1493
1494
1495
1496
1497
1498
1499
1500
1501
1502
1503
1504
1505
1506
1507
1508
1509
1510
1511
1512
1513
1514
1515
1516
1517
1518
1519
1520
1521
1522
1523
1524
1525
1526
1527
1528
1529
1530
1531
1532
1533
1534
1535
1536
1537
1538
1539
1540
1541
1542
1543
1544
1545
1546
1547
1548
1549
1550
1551
1552
1553
1554
1555
1556
1557
1558
1559
1560
1561
1562
1563
1564
1565
1566
1567
1568
1569
1570
1571
1572
1573
1574
1575
1576
1577
1578
1579
1580
1581
1582
1583
1584
1585
1586
1587
1588
1589
1590
1591
1592
1593
1594
1595
1596
1597
1598
1599
1600
1601
1602
1603
1604
1605
1606
1607
1608
1609
1610
1611
1612
1613
1614
1615
1616
1617
1618
1619
1620
1621
1622
1623
1624
1625
1626
1627
1628
1629
1630
1631
1632
1633
1634
1635
1636
1637
1638
1639
1640
1641
1642
1643
1644
1645
1646
1647
1648
1649
1650
1651
1652
1653
1654
1655
1656
1657
1658
1659
1660
1661
1662
1663
1664
1665
1666
1667
1668
1669
1670
1671
1672
1673
1674
1675
1676
1677
1678
1679
1680
1681
1682
1683
1684
1685
1686
1687
1688
1689
1690
1691
1692
1693
1694
1695
1696
1697
1698
1699
1700
1701
1702
1703
1704
1705
1706
1707
1708
1709
1710
1711
1712
1713
1714
1715
1716
1717
1718
1719
1720
1721
1722
1723
1724
1725
1726
1727
1728
1729
1730
1731
1732
1733
1734
1735
1736
1737
1738
1739
1740
1741
1742
1743
1744
1745
1746
1747
1748
1749
1750
1751
1752
1753
1754
1755
1756
1757
1758
1759
1760
1761
1762
1763
1764
1765
1766
1767
1768
1769
1770
1771
1772
1773
1774
1775
1776
1777
1778
1779
1780
1781
1782
1783
1784
1785
1786
1787
1788
1789
1790
1791
1792
1793
1794
1795
1796
1797
1798
1799
1800
1801
1802
1803
1804
1805
1806
1807
1808
1809
1810
1811
1812
1813
1814
1815
1816
1817
1818
1819
1820
1821
1822
1823
1824
1825
1826
1827
1828
1829
1830
1831
1832
1833
1834
1835
1836
1837
1838
1839
1840
1841
1842
1843
1844
1845
1846
1847
1848
1849
1850
1851
1852
1853
1854
1855
1856
1857
1858
1859
1860
1861
1862
1863
1864
1865
1866
1867
1868
1869
1870
1871
1872
1873
1874
1875
1876
1877
1878
1879
1880
1881
1882
1883
1884
1885
1886
1887
1888
1889
1890
1891
1892
1893
1894
1895
1896
1897
1898
1899
1900
1901
1902
1903
1904
1905
1906
1907
1908
1909
1910
1911
1912
1913
1914
1915
1916
1917
1918
1919
1920
1921
1922
1923
1924
1925
1926
1927
1928
1929
1930
1931
1932
1933
1934
1935
1936
1937
1938
1939
1940
1941
1942
1943
1944
1945
1946
1947
1948
1949
1950
1951
1952
1953
1954
1955
1956
1957
1958
1959
1960
1961
1962
1963
1964
1965
1966
1967
1968
1969
1970
1971
1972
1973
1974
1975
1976
1977
1978
1979
1980
1981
1982
1983
1984
1985
1986
1987
1988
1989
1990
1991
1992
1993
1994
1995
1996
1997
1998
1999
2000
2001
2002
2003
2004
2005
2006
2007
2008
2009
2010
2011
2012
2013
2014
2015
2016
2017
2018
2019
2020
2021
2022
2023
2024
2025
2026
2027
2028
2029
2030
2031
2032
2033
2034
2035
2036
2037
2038
2039
2040
2041
2042
2043
2044
2045
2046
2047
2048
2049
2050
2051
2052
2053
2054
2055
2056
2057
2058
2059
2060
2061
2062
2063
2064
2065
2066
2067
2068
2069
2070
2071
2072
2073
2074
2075
2076
2077
2078
2079
2080
2081
2082
2083
2084
2085
2086
2087
2088
2089
2090
2091
2092
2093
2094
2095
2096
2097
2098
2099
2100
2101
2102
2103
2104
2105
2106
2107
2108
2109
2110
2111
2112
2113
2114
2115
2116
2117
2118
2119
2120
2121
2122
2123
2124
2125
2126
2127
2128
2129
2130
2131
2132
2133
2134
2135
2136
2137
2138
2139
2140
2141
2142
2143
2144
2145
2146
2147
2148
2149
2150
2151
2152
2153
2154
2155
2156
2157
2158
2159
2160
2161
2162
2163
2164
2165
2166
2167
2168
2169
2170
2171
2172
2173
2174
2175
2176
2177
2178
2179
2180
2181
2182
2183
2184
2185
2186
2187
2188
2189
2190
2191
2192
2193
2194
2195
2196
2197
2198
2199
2200
2201
2202
2203
2204
2205
2206
2207
2208
2209
2210
2211
2212
2213
2214
2215
2216
2217
2218
2219
2220
2221
2222
2223
2224
2225
2226
2227
2228
2229
2230
2231
2232
2233
2234
2235
2236
2237
2238
2239
2240
2241
2242
2243
2244
2245
2246
2247
2248
2249
2250
2251
2252
2253
2254
2255
2256
2257
2258
2259
2260
2261
2262
2263
2264
2265
2266
2267
2268
2269
2270
2271
2272
2273
2274
2275
2276
2277
2278
2279
2280
2281
2282
2283
2284
2285
2286
2287
2288
2289
2290
2291
2292
2293
2294
2295
2296
2297
2298
2299
2300
2301
2302
2303
2304
2305
2306
2307
2308
2309
2310
2311
2312
2313
2314
2315
2316
2317
2318
2319
2320
2321
2322
2323
2324
2325
2326
2327
2328
2329
2330
2331
2332
2333
2334
2335
2336
2337
2338
2339
2340
2341
2342
2343
2344
2345
2346
2347
2348
2349
2350
2351
2352
2353
2354
2355
2356
2357
2358
2359
2360
2361
2362
2363
2364
2365
2366
2367
2368
2369
2370
2371
2372
2373
2374
2375
2376
2377
2378
2379
2380
2381
2382
2383
2384
2385
2386
2387
2388
2389
2390
2391
2392
2393
2394
2395
2396
2397
2398
2399
2400
2401
2402
2403
2404
2405
2406
2407
2408
2409
2410
2411
2412
2413
2414
2415
2416
2417
2418
2419
2420
2421
2422
2423
2424
2425
2426
2427
2428
2429
2430
2431
2432
2433
2434
2435
2436
2437
2438
2439
2440
2441
2442
2443
2444
2445
2446
2447
2448
2449
2450
2451
2452
2453
2454
2455
2456
2457
2458
2459
2460
2461
2462
2463
2464
2465
2466
2467
2468
2469
2470
2471
2472
2473
2474
2475
2476
2477
2478
2479
2480
2481
2482
2483
2484
2485
2486
2487
2488
2489
2490
2491
2492
2493
2494
2495
2496
2497
2498
2499
1389
1083
27
100
332
2026
755
509
1861
1900
1292
1534
1430
2044
1194
2209
1418
732
2328
1059
2465
1917
2152
2093
1901
878
1805
2430
1728
1260
960
541
2001
88
827
339
1851
1298
875
1774
1081
511
978
2257
268
2195
1523
71
616
1040
1254
1624
2453
667
1604
2427
1085
2484
399
1515
616
681
354
1518
997
1744
1897
2018
1417
82
1828
2231
1205
801
1010
505
2028
1491
2101
2388
1202
841
1044
999
1802
2134
498
1781
1259
2104
2294
1851
1889
817
2244
1762
1871
364
1124
614
765
1403
917
654
22
1672
2341
2151
1435
436
1136
1006
226
64
1630
669
910
828
990
2358
364
1770
494
1375
1472
384
1829
1783
2218
2054
1717
351
1654
1118
686
2489
1871
1527
655
1362
1905
1917
2368
1775
1008
260
1596
2477
1430
1779
1705
1609
2090
1215
1530
63
471
429
1825
344
807
576
900
192
874
774
2123
86
1209
675
687
915
258
1431
285
233
1827
589
1605
1340
338
528
398
1284
304
1570
1943
570
227
237
845
2385
2460
1410
556
1841
583
786
1156
75
2383
1858
998
1373
1678
1011
1115
1478
1751
1983
485
189
793
303
1360
1637
303
1632
1125
872
1836
680
223
470
965
322
498
940
83
513
1413
2370
889
874
535
1981
1693
898
1751
1888
224
983
1278
1881
337
1256
1429
2430
1002
859
1256
2439
902
2174
1453
1511
521
1374
850
470
2384
2116
887
1854
1044
1747
116
14
775
59
1079
1917
760
2084
678
963
1561
542
1676
770
370
1701
1715
2440
820
490
913
669
1052
493
907
1421
779
2315
2361
1151
1487
23
1231
85
1088
2340
1749
943
2036
2130
945
520
780
810
614
1
985
949
866
1957
476
490
1561
730
1430
247
150
249
1232
561
650
680
1899
1372
1124
1778
115
1674
616
692
938
106
209
1784
944
1624
1933
2198
2490
12
75
2482
1080
336
1916
2111
217
597
603
1501
2063
2080
1236
2495
47
1281
808
475
290
1581
1996
1123
981
654
1788
1450
855
1260
1591
487
918
1793
1112
1934
870
1540
2415
836
2218
1378
2213
486
1752
1910
1931
2347
1399
111
1975
2059
1647
393
1490
1567
842
1188
1302
1430
1262
825
650
779
1076
2356
1409
458
296
2196
132
1805
271
1174
1009
1711
590
376
325
2092
420
1492
777
460
76
2210
108
2046
1796
888
2264
161
1726
1661
1860
2390
2477
1365
332
729
1428
2182
2301
2467
2227
830
275
609
991
2057
15
326
577
1210
221
235
351
259
2292
1995
1815
1605
1546
1883
1237
1006
1580
1856
1852
1365
255
952
344
8
2048
1980
663
1385
1722
2383
365
575
590
1801
1035
373
456
1587
173
581
913
858
2148
862
1776
1327
1788
1893
2407
701
561
758
758
1218
1777
2031
355
1065
906
95
167
2050
494
1544
1649
1833
1649
287
1521
2168
1210
692
2111
683
1243
946
2333
637
1227
233
2091
997
1013
2059
534
1944
1619
822
1049
1451
229
2304
2181
2341
1964
733
1072
1378
668
1554
2025
1663
1422
2143
1990
249
670
1306
1790
1699
1561
648
2213
208
347
925
2203
1282
1674
284
1278
1080
154
177
214
1449
1656
798
151
8
2214
881
696
1872
1281
972
1182
794
563
632
1323
1230
1756
1452
1186
1606
836
806
2141
1903
1794
2288
355
1217
2432
2485
72
2154
503
107
878
703
1682
1300
949
1466
2419
357
2215
2321
902
2311
2271
1904
975
2442
1065
247
379
945
2271
203
2446
1355
630
255
1232
1868
1375
715
31
1903
1245
1395
1721
2072
1853
1986
2135
355
1918
490
146
1035
1151
2377
1521
282
2214
131
1476
730
518
1639
408
1245
1949
768
497
778
1780
1408
1685
1911
1145
1976
1274
1376
2440
879
1203
46
2162
1669
1147
505
778
841
468
335
1089
774
1444
854
2074
1927
1570
1766
223
1186
80
2472
1671
290
1892
2019
2301
150
806
656
2413
910
2069
197
643
1802
1626
1200
605
2082
238
1103
1358
1648
1106
2164
1214
1874
1746
1269
1548
295
1767
2369
1068
1085
1594
107
2169
2417
387
1141
1614
1482
1431
106
2169
329
446
1396
1536
31
2268
712
974
2053
139
1736
1303
780
122
715
776
2309
309
405
1594
504
574
1362
1945
993
524
1401
1820
312
1111
1099
2000
294
2104
2050
31
2046
1586
2495
79
2098
1426
2378
1084
766
2067
1944
1443
1730
71
2273
942
1304
512
1482
1781
47
634
1834
426
868
70
1512
180
2485
255
460
541
1195
1560
1880
891
1405
2271
2467
643
816
2290
144
2246
2020
144
836
1911
1660
1615
1561
1665
445
2368
1788
630
233
52
1035
2106
1375
1215
1988
1419
2243
918
478
1781
1839
31
898
1429
805
49
2286
815
1026
145
694
2262
1133
1696
2168
454
1856
35
1109
1004
2051
473
1115
1232
1238
2241
1570
712
1693
2084
1822
1649
1808
749
687
553
1598
1205
2464
2156
1487
2441
960
2051
1802
716
1810
158
656
674
2327
1454
1119
393
347
2280
223
1948
1320
1785
1418
434
1592
1815
1269
1602
723
2373
866
2189
284
1880
273
136
2200
350
48
1417
1345
759
1006
1965
1229
966
557
136
1668
761
542
641
1052
178
602
684
920
1976
1828
1957
424
1858
2274
815
19
2343
799
543
576
2434
186
1452
203
604
2064
1757
908
2372
2312
2086
1082
579
2428
891
1025
291
784
269
1610
30
791
743
1408
2211
2017
1634
1256
1285
1809
2445
1756
1687
917
1113
2081
1593
136
17
631
254
2412
1334
692
175
2247
526
1796
1547
1592
1083
2137
1995
300
874
2187
409
1688
1653
177
2222
1099
739
1078
827
720
1072
1503
1838
1748
2406
270
1998
290
506
567
1407
736
871
967
2290
2484
1440
30
2062
220
197
560
784
2015
198
1108
991
600
1496
2276
1080
1600
1545
1120
1016
922
327
1649
652
1706
376
852
633
2152
2189
1836
2218
1445
1405
361
2003
376
1573
2410
1592
1573
883
1614
803
262
1088
961
1707
2260
2128
2058
1305
1760
636
1265
321
743
1430
2376
963
425
529
87
1929
525
1254
82
2482
174
1661
2048
2332
1578
366
1919
1081
1936
2420
522
1123
293
632
935
743
2324
554
2348
189
406
1006
2114
1183
2388
1234
2378
276
824
1128
564
599
2184
1662
1523
125
243
633
2047
627
506
1647
2377
789
1375
1039
344
2441
1604
1008
881
1548
1138
977
1517
1180
170
336
79
718
661
989
985
287
1945
822
69
154
1655
1845
873
2469
1784
2338
736
2129
305
39
392
1959
1762
1739
333
621
240
1627
1864
387
2341
2284
909
2236
1041
1570
1671
2049
1196
956
1977
1928
2003
1830
1670
669
2238
1880
1379
2158
2167
1014
1405
2025
352
854
1714
5
763
856
536
2402
1739
1289
1469
1954
1255
1566
1127
2312
1323
609
1891
1291
987
184
2470
1732
2248
2422
476
385
1482
1726
1541
2244
1540
1809
2343
1772
896
736
2201
2014
146
160
1657
1707
2396
2375
188
1642
1769
656
1988
2306
2334
303
1977
131
1934
206
1497
2326
866
676
573
2426
1893
325
668
2173
530
539
926
1644
392
1808
259
2472
2284
968
800
342
1041
1090
87
2394
1877
1502
2186
2205
512
55
1201
644
54
1356
341
709
903
1557
2390
1785
2374
1172
2005
2147
308
2093
2419
1257
62
1532
1309
217
241
2082
928
1191
2359
2439
1222
538
2278
1682
404
2296
2267
1718
2232
368
1905
650
1399
1511
784
2033
1052
1895
249
1492
1443
37
118
1529
2404
609
476
896
548
2252
1749
1989
305
226
2473
2313
1947
262
2492
1138
680
2491
2317
2471
1085
1936
955
2173
320
956
2149
1340
689
805
61
769
309
2156
634
377
1853
242
2006
2167
1011
953
1659
928
725
1281
1554
704
1715
666
10
1744
1600
960
427
975
1136
2403
1107
662
1660
1921
518
321
1563
20
318
1116
1209
1169
335
806
1256
959
1745
1710
1334
2362
1768
2148
782
1321
1172
2238
603
63
337
648
2002
70
2366
1425
428
168
1162
1861
1823
1935
182
1625
1220
528
1707
2087
1699
1281
2075
1835
815
53
1215
1989
1628
1821
455
1144
2062
2092
1761
2280
516
3
92
530
1086
875
981
1186
98
2484
993
225
2224
924
1703
1008
1561
1270
2086
144
1915
1597
950
141
2491
1788
235
959
417
1660
1730
1212
1167
1588
2064
1168
553
421
1942
742
981
636
2063
2028
1679
1041
2382
922
2486
1681
2016
764
1454
1483
2186
1758
653
964
2236
1554
376
990
1840
562
1543
1027
2398
915
2177
1276
554
581
111
813
1856
1157
1916
978
1381
413
1614
65
1666
119
560
486
2226
1462
2411
1436
562
1714
852
1819
1404
631
1164
1659
1462
2308
1635
1917
2204
2185
242
124
1400
692
380
700
1667
533
609
1139
449
982
2098
1460
1443
2359
1617
332
1073
1193
344
1931
1026
306
421
1957
2464
1094
1825
2327
565
1649
548
74
695
1165
538
2347
2097
1718
246
1848
2115
521
1727
2410
1177
270
311
1404
689
154
2001
857
2073
85
455
783
515
209
2366
1528
1460
2301
1411
1190
2313
429
2030
1806
111
1339
2106
793
2057
2278
747
1123
2471
1071
432
1945
538
2022
1885
1974
1574
1563
434
1059
589
1838
779
1029
1262
328
1956
2468
1846
316
2232
1242
1988
530
621
1184
1580
59
1426
921
733
534
1141
1093
920
1156
2330
38
916
835
1510
1711
2005
1957
582
2486
1434
983
2002
900
1898
281
372
754
40
418
1078
2239
762
336
2021
2437
1232
527
1198
2254
1467
765
2271
2081
2064
55
1699
865
127
792
2417
854
717
1447
402
1354
222
2228
1431
920
1012
6
687
2129
185
1024
963
503
312
2378
1211
1035
1435
1919
1189
1858
1225
1413
2360
20
2423
29
1347
2302
2310
1230
1581
2355
1804
1781
780
73
2028
1579
390
390
1040
1615
204
2454
1908
782
944
332
116
309
2123
1229
2000
1783
1826
2377
1938
1132
2109
1537
586
721
1028
1601
2397
329
88
588
579
2470
892
870
1066
1846
25
411
2208
1841
2436
1881
1106
852
2145
1112
165
1263
1165
186
1886
540
413
1728
912
176
1098
630
589
1960
2406
963
1730
2461
1193
2246
1913
904
1645
1117
1042
2173
1832
159
1286
1407
555
1453
435
2258
1148
2472
2052
321
1254
2487
893
2463
1490
641
1725
633
2042
1987
1044
1613
1664
1576
967
1730
2448
1313
795
2368
336
1804
1486
1959
1294
40
2034
700
2301
2240
2456
416
1628
854
1685
1382
2203
1650
1923
484
1244
599
1286
1222
659
226
2190
1671
2123
1203
510
2120
559
838
59
695
2057
1075
1779
1449
1354
2441
2342
392
760
1696
115
905
370
845
2188
218
1336
1473
455
1144
248
1471
2285
247
392
1158
1352
1186
1055
2104
1094
879
944
72
1910
841
1192
411
1770
1314
1609
497
1287
2287
163
899
2413
1982
259
554
76
1402
1032
1823
1688
2199
1481
39
584
343
1238
1245
1957
772
959
1235
1254
171
239
862
825
285
227
971
434
138
2117
1054
1284
1628
504
2069
228
1718
1154
802
894
1086
170
526
1087
657
1793
80
1026
157
1839
2310
1879
1125
1482
454
2241
1737
1878
1816
1604
1229
1146
2432
1830
13
1976
1332
240
115
128
2257
2345
61
1265
1271
132
1952
2228
1534
2443
1195
1287
751
1782
1117
815
1664
1243
987
1283
2081
2356
503
1668
1720
1516
1624
2465
2376
715
1208
640
2038
1372
1915
540
525
1681
198
1742
2076
121
1161
223
1026
1711
2421
340
2082
1504
70
2125
1485
219
1921
1764
1506
472
2158
1981
648
1222
54
1063
543
867
2372
970
568
154
642
29
1695
1605
583
2312
1144
1265
2275
590
2274
1550
1663
1296
2049
1784
759
262
222
1044
1662
1579
1797
261
550
869
2475
1646
2121
32
782
1796
204
2047
1826
2398
1378
537
641
1709
1985
1841
1155
3
1021
2405
1573
43
2097
2233
412
1206
481
640
1551
1911
2426
1337
2494
1865
2497
1968
2257
603
487
105
1649
1635
585
2114
2057
686
521
1352
261
721
1616
499
1328
514
356
2094
2429
652
2321
1019
1478
1240
503
2157
1940
1392
241
1652
2202
2394
1733
2414
852
390
1401
1599
835
205
1628
320
284
762
1829
2074
399
1414
17
241
1783
2101
1477
2068
1581
449
1185
1479
1441
1175
572
1528
496
1353
2184
1044
279
1241
957
573
1340
173
2270
2365
1957
2300
1687
354
382
878
311
402
1188
1424
1555
2403
2296
1886
1416
184
134
2158
1022
682
428
861
1713
401
1010
1910
1749
391
352
1555
2003
1119
962
1829
1479
1724
2140
1656
1077
729
1455
2055
1067
1725
953
1518
1232
2304
969
1973
1496
2412
1990
1794
861
854
1938
2248
2314
2049
2290
282
1598
294
513
2299
744
1767
218
968
1775
1345
120
1241
1141
1145
1890
2261
1809
1746
1360
492
1437
265
93
1059
1758
1199
2457
418
2495
1208
695
583
1649
2109
785
1596
1843
2383
1604
1295
2496
2191
2244
49
1774
1067
99
2152
626
1735
574
323
522
2373
1902
917
1637
1799
417
626
1073
1347
1918
1566
15
2461
2370
714
1606
1829
2149
1308
1970
563
2173
221
613
1759
1766
411
165
1291
987
1778
310
1969
1993
423
2482
1040
1865
2047
1835
118
1144
718
1955
1670
848
159
1216
1979
658
1600
1955
1525
189
304
1635
406
2177
109
2364
1594
1495
413
1718
780
2369
693
280
76
2277
533
1933
1329
1565
1607
255
2248
1319
1250
510
1148
1907
1699
2484
237
850
1750
739
2331
944
899
1285
1812
1059
801
1357
166
307
1833
2053
568
1270
500
1056
1885
629
1610
1881
282
204
851
526
1161
239
1676
49
62
2246
647
2054
2147
1485
564
1862
2388
425
576
2139
1488
1054
289
720
1120
2438
608
2143
1449
1995
191
1934
1138
853
2157
1208
2216
1967
859
2042
909
1332
151
11
296
1862
2041
512
2387
2227
107
44
1509
2416
1597
2336
1215
2499
1309
139
509
176
1189
686
2086
80
794
1807
843
159
321
1363
34
2264
1258
1646
60
1243
486
1907
2129
1960
755
766
681
339
850
1783
902
684
1186
807
2186
15
1272
205
1883
256
489
107
117
1954
710
264
2133
1435
628
564
898
1574
325
1911
2458
1188
638
754
2076
2331
439
1559
193
2309
1593
84
270
257
509
1979
2148
1513
1150
2373
1003
2121
897
841
137
499
601
1660
1107
1541
677
2172
41
2371
1293
850
2179
937
1953
589
2324
634
1481
1732
1011
678
1732
1752
1023
1275
2261
640
423
2379
2431
1318
2467
906
1265
343
1481
1984
4
1206
1600
585
1913
1609
1993
1189
1011
1337
1195
1339
811
946
1945
2157
2428
232
1942
39
846
1269
2344
614
1767
1682
1523
63
48
1440
1330
284
1770
2137
313
847
136
472
750
2175
1126
2263
1981
1516
709
2396
950
1056
1446
2363
226
2187
2381
1042
1726
1667
1214
1799
1541
358
1346
1583
2178
985
1300
1392
417
235
300
18
342
1766
502
2315
1615
1610
2132
582
2024
2344
1185
96
2490
1501
202
1826
2322
657
691
1447
2281
1171
2043
541
447
1623
1334
333
1275
1031
735
768
594
2427
1506
1297
677
1668
944
780
1811
616
86
2045
836
1496
1637
2231
155
1182
2463
264
2282
1238
383
413
875
1805
1623
206
2141
1890
1767
477
257
1533
175
2069
1635
209
553
323
1905
1070
1345
1836
930
2420
134
877
525
1259
129
424
2009
156
938
1148
585
1424
2095
2128
777
1588
1074
2161
1423
2366
1092
587
2221
36
2039
2110
976
878
164
238
2241
1321
1893
1664
2377
224
2350
376
950
1383
1908
605
322
564
596
1948
1496
1546
826
1933
1269
759
209
1014
2450
170
2118
2434
691
1066
554
783
2165
124
306
2397
41
192
1570
2056
1569
945
2242
328
1880
1372
135
260
94
1326
2457
1508
734
1283
2431
1176
1167
688
1839
218
518
116
45
1736
1690
423
717
956
1607
2471
711
2468
1397
2425
1418
1146
2085
1705
1946
2385
1234
2178
1461
323
1554
2184
1602
987
288
1923
2500
1259
1742
60
513
335
159
144
898
1987
1755
827
156
636
92
2455
1221
1366
1893
2418
2025
791
718
2324
357
969
2450
1751
793
1969
1477
1957
622
1100
350
1184
1923
884
1982
2118
1641
537
271
1862
1667
68
572
1759
1452
1485
1018
80
1919
106
2416
170
1545
1202
1572
2091
2497
1088
1465
56
138
1965
414
1706
411
933
677
469
2251
2339
2129
2385
840
1259
737
1282
2089
750
2490
1851
1937
1005
705
939
1172
1363
2370
677
2433
2241
1897
1623
1258
1847
270
1490
312
1833
2368
1421
614
111
944
1059
1785
783
2101
1778
1157
1258
2392
503
1227
1078
268
1839
2348
1607
2396
1069
150
916
725
1594
1847
2165
135
1270
2010
300
2433
2114
1491
153
145
2037
1187
490
1494
1529
521
1328
1624
1479
1627
712
583
459
1256
366
400
995
536
881
2389
1121
1006
2252
352
560
1842
297
366
1344
1195
147
1986
1655
2192
1746
2474
1774
491
264
1299
1447
896
550
1496
2425
524
2417
152
350
1382
1556
825
725
2045
723
1153
1832
1468
1126
2272
1756
1912
1668
349
1240
496
1049
462
473
2165
1859
152
1521
1460
198
1320
2375
496
1212
2207
278
508
928
1128
1404
50
1098
2439
1824
983
2185
627
513
1071
837
106
818
454
1376
1853
2234
1069
224
1203
1839
1991
174
1019
996
2348
1838
642
2301
1031
1987
1139
1404
2067
1810
1957
1062
2188
1239
643
275
1829
52
267
2366
1931
39
162
9
97
1663
1377
414
658
2211
2464
1068
2219
335
1387
1225
450
640
1070
936
534
534
875
2214
2406
1448
2427
338
1580
1637
1130
1555
1266
2058
1676
1071
431
1373
1313
633
989
173
697
1059
1375
2084
1548
1626
2474
1078
1981
1816
478
539
2142
1529
222
420
1837
2006
2466
1074
1830
99
24
665
456
2050
1837
1589
2195
729
971
592
1936
957
899
808
245
334
571
2351
667
264
1714
208
2180
371
1231
1271
1919
1551
1657
1234
2228
854
896
820
938
352
2218
304
1419
962
1524
256
1950
1143
251
2391
1992
999
1552
489
973
1097
1712
2285
1395
460
1246
1241
2105
1666
1751
554
610
1446
979
395
834
1592
593
1837
1426
2155
1985
1781
2138
1659
28
2422
1279
617
1830
1309
903
693
1763
1499
638
967
1274
2394
293
2262
126
468
114
1365
1464
1538
1431
298
2460
1421
482
1005
982
2255
1510
343
1004
232
9
434
464
987
2101
618
302
553
2302
1333
1636
1558
1521
834
376
1656
1576
311
1796
240
1302
1843
1602
695
818
1740
266
69
1576
1554
2256
1334
1142
1904
2382
827
2299
143
1503
1388
1762
681
968
792
1099
160
1476
1829
1450
1154
2207
1291
243
1485
843
863
1203
2255
86
157
1401
2412
768
739
1019
1431
1430
1565
1612
1592
2161
623
1354
1937
2269
1970
2361
2240
2213
183
350
1832
1252
2041
1494
2354
1343
2
1555
47
2309
2081
697
1729
40
2175
507
1721
549
437
2417
329
948
2362
850
166
1671
2214
1783
108
1525
1695
2463
1677
1727
539
874
1072
1853
1343
225
2212
2052
923
1388
1242
1408
2447
2002
1696
446
2043
778
474
220
386
467
1111
1215
1898
1843
2121
1051
380
385
1474
845
1737
145
233
1851
1654
197
1669
1242
2165
129
2317
105
2227
789
536
378
698
1787
1208
2485
2498
1724
1234
2381
128
947
256
767
306
1781
1251
2438
1711
2357
1628
2128
1336
2440
2175
1300
396
1721
1980
1325
1453
771
2043
2028
156
1327
2245
982
819
1577
180
1536
1161
44
804
2092
2254
510
996
1661
1717
411
1453
816
633
1809
170
1401
1936
1996
966
2057
555
2192
2
1846
755
1140
2275
1405
916
219
440
1956
1953
2246
513
1320
831
1676
456
782
1943
1250
533
927
392
1460
413
1394
1889
1802
23
1490
1481
1432
1388
1144
576
2196
341
305
402
185
703
2483
2472
813
2215
1054
1906
2164
2068
583
709
228
774
213
497
961
13
170
939
1738
1203
1438
1106
2460
1167
743
1856
303
1743
2474
1164
2039
265
858
1870
1172
694
2098
418
1368
672
1613
251
495
830
1598
1904
949
1982
1522
2030
362
1122
1578
398
487
888
726
789
1911
1553
420
654
13
642
1819
2211
2244
1895
192
2028
327
207
1886
2416
1416
2044
1874
534
1355
831
1270
1126
1992
769
159
14
393
563
1646
1528
1322
1016
316
257
372
1613
402
1374
41
1960
824
1827
298
1918
2126
742
1267
1104
1785
2343
975
2365
1057
354
209
2203
739
1777
2354
2103
2187
581
282
1842
780
1436
1287
690
1554
1425
1183
1987
38
203
283
428
280
1827
1991
686
855
378
942
436
2475
2248
1640
323
764
928
479
1185
36
2240
1673
77
1657
1795
1178
463
912
874
2337
439
1430
1713
2104
511
765
1613
6
1802
364
1459
555
471
2117
294
1919
1531
1900
1881
611
1812
2049
689
1863
560
2311
2159
1269
1862
2288
931
725
2424
288
288
1316
2056
1413
1082
1558
2177
1273
122
462
299
1139
2142
372
694
2213
499
1882
2089
939
639
2446
755
858
1955
869
2400
2468
2402
137
2042
1956
1381
2224
818
2242
1739
616
993
1976
224
1643
447
956
390
608
417
306
144
1285
1800
642
1816
2100
1734
290
264
1253
2292
767
1304
1134
1593
862
2126
502
591
1199
2196
1795
1764
142
1437
799
2148
417
703
2055
2058
354
1472
1047
1069
1321
2094
354
2378
2424
2005
2478
1291
11
201
2163
1562
862
946
45
2112
358
2237
1149
1569
2135
776
1745
354
2141
2101
912
1759
999
2235
2064
1643
349
307
2284
1469
1774
1347
886
905
2004
1489
2078
292
1580
163
2081
2452
247
1106
1176
2064
2004
1189
2397
1625
2429
1664
2060
919
532
1146
9
1071
2105
1349
1590
2065
37
917
363
1585
1931
1412
945
1810
1753
1913
1975
2480
991
695
329
713
2443
433
2432
804
412
1696
1120
2217
1888
2165
1472
2076
182
1489
1575
1256
2182
1219
428
1988
8
2170
165
30
787
1332
1926
968
1362
327
2072
1901
1677
731
181
144
2459
2169
373
907
1641
550
1435
31
1239
1999
244
1060
1179
1594
502
370
1798
371
1954
1299
2327
661
1774
412
2359
1444
2081
1838
2315
891
1684
252
1357
2182
1734
1237
1702
80
2198
960
1265
2375
265
1997
1517
565
347
2238
1185
1406
503
1646
701
92
2383
647
2346
1916
1351
2282
1859
1018
201
785
1031
429
2090
1793
1711
2228
855
1490
1191
1473
142
497
1965
1865
869
549
2214
581
1566
2093
1466
144
650
1881
773
673
559
2228
1423
699
2473
2223
1572
336
80
241
283
780
2500
358
118
1217
2143
893
1629
917
1624
2158
2437
2126
525
2394
1924
1449
1274
2284
1481
1953
661
2472
813
199
235
629
1897
441
997
955
1076
2384
2168
840
190
2127
2251
902
143
1997
1054
1819
2425
1043
1341
2220
1357
1751
563
1262
1572
1225
357
1798
1899
1809
2131
2017
1774
790
485
2129
2021
1051
12
1088
1170
347
1875
1687
2493
1134
945
2226
1587
2494
1405
1382
1759
851
2002
616
2150
529
942
2178
31
2318
1697
2116
1882
1056
751
162
2490
493
2310
1209
190
548
23
2492
1017
1903
1224
1815
1702
584
1863
1699
1811
1745
2498
1585
562
481
118
65
99
25
870
17
337
1643
1525
1354
1003
198
912
675
1123
1408
2439
1281
1706
817
948
2463
411
1373
1417
1936
1894
600
1339
1454
2437
1909
147
1413
102
1930
1325
1262
692
763
1429
1574
176
771
478
1200
349
681
390
2446
303
1627
247
878
125
1625
1880
1574
1718
2036
441
719
1562
93
510
1728
1983
2434
807
1168
2419
1932
864
1592
2493
564
18
1826
387
1500
1493
855
90
2053
2439
1044
1281
1464
1876
1962
845
614
2101
1699
1246
1341
1870
1189
1952
780
2210
1990
293
2102
1581
1954
206
168
1374
841
461
157
2280
1081
2490
2336
2300
968
682
186
320
618
1330
1885
1482
1567
281
76
2369
872
1704
2180
768
105
1134
9
2434
678
855
827
1373
1055
413
1460
1579
262
2070
803
2408
75
2221
850
2318
1176
1368
1669
1608
1819
54
2040
2397
2370
1838
1535
2100
1173
1540
1509
261
2182
232
506
1463
946
2408
41
1326
1356
1664
727
1809
900
190
2418
1924
1799
1481
175
1408
1218
781
575
143
1613
364
1777
995
773
2356
1481
1951
2477
2446
2192
1309
330
1412
2272
1964
1166
1343
2231
978
81
580
461
31
259
2227
1434
240
925
1259
1327
1358
1635
1709
752
1872
1546
1525
555
2048
52
539
393
1134
1493
417
689
1426
1056
1699
2043
2424
2495
511
290
471
1345
1224
1027
887
60
1179
1094
712
678
2173
1994
715
1008
2104
2325
716
1881
564
278
326
441
2466
1116
664
355
980
2152
2185
113
2408
2234
2387
2403
2431
881
370
1282
2170
785
603
1952
72
175
448
1610
1296
1876
1510
454
801
950
1422
1666
1092
1965
58
2233
1401
2453
1151
2229
2247
1497
2180
2239
556
1545
1539
2216
2344
564
1564
288
1786
446
2372
2089
1074
1352
2007
797
1931
1574
1217
197
654
215
2171
520
2480
951
1610
408
459
1112
1310
1384
2119
1405
592
1
2068
779
1679
2330
1887
1319
2394
981
2117
1829
1943
1148
1612
1837
1315
1746
1241
2276
2477
1563
376
1597
1040
2317
1092
2177
1581
1870
75
2364
1440
2227
1359
2458
1032
1947
2486
1763
1026
1909
615
887
1302
1938
757
2152
268
2037
1305
246
1298
1542
2089
1648
1883
2025
592
1581
1489
1489
1326
1507
132
2136
2476
881
1526
2001
2405
1913
1416
2318
1160
2094
2063
2275
563
1306
893
989
1285
1022
407
261
1407
639
1938
1284
1388
1675
381
589
1151
57
1666
1568
1104
200
1939
1758
2448
298
1961
1883
761
1466
104
76
492
1147
325
547
97
2028
1783
2480
2078
842
793
2070
1391
877
2406
118
606
2087
1453
1492
1790
1210
1785
1053
2129
953
2080
2482
1757
1859
1571
1651
2150
812
1604
2287
1462
1344
2048
115
30
1434
2165
1870
2006
406
2456
445
439
727
1121
600
747
173
624
838
2437
774
149
1205
945
1837
280
1302
1475
1300
906
836
2024
2498
1148
1647
1796
2254
2061
2320
1452
1821
1491
889
1206
2448
1283
348
1430
299
570
289
2340
206
2429
212
1249
1655
1961
1104
1625
131
488
1667
1862
1154
1108
227
1650
1814
689
1738
38
88
1843
1713
927
2275
722
763
1536
2478
2009
2250
1402
1868
295
576
1820
1834
869
2461
2006
1758
1741
2199
2280
520
1939
1366
161
1047
470
462
619
137
63
1296
218
123
458
1550
1348
348
2050
38
127
353
635
2349
2319
199
2231
1093
576
353
313
389
1395
208
931
1010
637
24
1566
2189
2489
314
1512
1899
1187
1169
584
108
2227
1910
441
1559
263
776
825
1735
417
1504
788
1492
1473
1998
321
1553
1107
1645
2466
279
1446
342
1227
2
1800
261
806
2107
1638
2348
1362
1942
1244
1504
2138
279
1687
461
390
1781
1518
866
1843
222
715
2168
292
1807
1411
257
149
1819
1569
2032
1053
1506
1045
487
485
849
539
1940
826
1504
1904
1690
2197
1125
2357
785
2241
1120
760
2353
1118
1928
1893
1044
702
74
1836
1490
1348
2219
948
603
1718
1769
1731
1040
2300
1647
227
1562
2300
554
2159
1520
2057
1889
2482
952
2082
691
1076
561
1167
537
1818
1632
336
1098
549
2057
191
1972
1704
1642
1368
290
799
100
1724
227
128
373
1402
1011
268
118
1187
1535
1015
1852
1654
607
1257
2354
1195
1617
2120
2267
384
9
667
227
2241
349
90
1697
2074
1802
561
867
817
1604
3
266
2166
1140
455
835
2007
2036
614
507
1159
944
1948
2200
1878
4
1394
1098
688
1253
917
382
459
942
936
981
1521
1629
1640
1144
1483
658
2204
436
1075
1148
593
921
2340
430
1628
1553
1404
174
1116
2058
2304
394
807
2136
1344
2199
1948
1431
1361
559
1215
2145
2476
286
992
201
1270
1657
136
1583
1238
1992
1646
1762
2092
895
1302
1197
1130
1248
2043
1218
2256
2135
1001
982
1118
1718
2271
2314
2259
468
760
2234
63
2106
1703
2176
2465
1466
2493
1180
2109
2040
493
1200
893
1702
1998
1335
15
1191
1933
2035
1004
428
347
1839
828
859
515
2047
181
2222
2425
503
878
1061
842
823
2385
147
2148
2498
1518
1123
51
2357
2476
631
1542
1672
1658
306
1911
2176
1914
2259
245
1779
817
2022
1776
233
2150
1567
1992
360
1182
1298
179
1940
1754
1198
686
2462
129
1174
2439
1838
1980
606
2036
2203
1895
506
524
2158
2146
2270
299
151
1714
18
2445
2318
1127
385
1691
1842
45
822
1710
793
2184
730
2097
1651
908
2489
2481
259
727
2175
2154
1612
682
1827
537
2293
1082
444
861
363
2121
1636
1358
177
808
2119
1712
96
1782
12
298
2016
1542
543
1391
757
2389
2315
1959
1328
2367
527
530
2180
1468
436
782
2022
1528
673
1807
1885
2292
532
32
2169
753
1381
1758
1903
214
2014
1064
118
921
277
1490
1693
1727
1441
746
557
353
496
1558
194
488
2330
354
823
406
206
1589
2059
2439
2181
1183
1107
297
699
1860
702
1899
2349
1659
2063
641
621
1656
558
407
1883
1541
98
1453
856
1469
1727
1994
1557
1849
493
1877
169
759
1841
1284
105
314
664
165
698
952
2157
1724
1760
976
243
1502
393
751
1205
1299
2240
1750
839
915
1646
462
1822
703
889
464
759
496
1368
1585
1886
737
261
793
102
1106
48
301
1137
1105
969
1391
1793
2036
1983
1369
1069
53
2393
1189
623
30
454
739
936
1730
873
783
1059
1386
210
1119
1226
1005
1311
109
562
21
2375
446
173
527
2321
1290
1743
1338
658
612
430
1357
1274
1615
1288
143
797
907
604
1395
517
373
2004
310
1871
969
745
1500
139
354
740
1241
226
1445
1634
1360
236
1752
948
2161
878
1738
1517
65
2218
2059
876
1022
389
1370
2102
719
283
663
2065
373
1219
523
729
2315
1353
1035
752
1224
793
337
2319
143
905
183
231
733
3
438
18
855
1598
926
1765
1823
576
71
2371
2284
1629
1792
432
287
2326
1470
783
745
1104
2469
318
295
1200
494
2048
2129
1549
819
386
690
73
551
1639
1054
1794
192
2409
1954
1924
1312
2062
1480
1779
1633
563
1439
408
1176
113
1294
1161
2111
1889
1742
1687
2452
1894
140
799
301
1487
1031
2189
367
1282
1590
1629
64
817
1086
519
1348
980
2127
451
341
1935
1531
594
274
370
651
820
1802
2359
1717
531
882
256
1407
2164
1173
1183
1634
390
2073
907
1452
1556
1970
829
1976
1288
99
1792
1479
35
1373
1745
453
1211
176
819
1423
1364
653
1394
1300
226
1290
2103
858
1860
1150
1482
361
1707
1593
1569
1895
155
2415
2289
876
1287
381
1746
2250
2007
328
1967
34
1810
1019
875
1790
2014
813
1060
790
1634
1495
1182
773
1814
441
660
2453
1662
1499
836
1995
381
87
1857
1902
1577
1154
2455
1579
2124
1075
358
82
2065
889
86
1340
922
1910
2267
348
738
749
270
1621
560
1313
633
569
266
1882
189
837
2463
2353
213
1901
2292
54
1330
1207
1714
1182
1810
792
1344
1963
2121
398
2451
1814
421
694
2346
1140
1814
337
1183
866
1745
1779
692
2008
1447
380
2232
10
2477
962
162
1829
2235
949
2145
240
610
309
1121
1446
176
739
1470
2312
316
1787
870
812
134
1342
1762
2458
2408
2089
946
2144
1014
628
622
2361
2240
1941
978
1059
1643
1485
1332
2497
1300
1890
293
1100
1593
1279
1554
270
513
2105
751
289
1315
1758
963
938
825
960
178
306
2283
2441
1095
2439
1724
1166
1808
984
1914
783
2148
1974
1375
1828
1105
1995
463
1502
1429
1956
2296
282
643
1024
1744
647
187
1421
550
2288
1634
1810
2130
1704
2375
1483
2303
2217
1940
264
411
1391
1237
2499
1310
1994
272
2097
2459
2233
1796
231
1753
2023
1920
823
2457
424
2357
224
1846
2052
48
1848
1717
727
1331
42
754
2029
606
1051
410
830
2102
2115
2303
750
2202
1916
1187
1979
2170
1771
907
524
525
2115
1519
2014
362
2462
2012
677
267
2428
859
1013
211
2183
1074
1223
2419
2494
344
2035
2048
1262
1200
118
2079
490
2302
8
2145
2167
1768
604
30
1148
1465
300
1202
121
1925
984
2071
706
329
2095
1943
1531
457
811
1473
2439
908
551
890
2497
854
508
2191
653
281
481
506
1264
1315
2096
419
1914
728
1218
320
1709
797
2126
1645
74
1389
2159
730
414
856
221
742
1535
2138
1237
1022
2352
1237
1288
1567
712
879
2089
536
17
2311
664
1312
1622
1271
628
2053
2067
1132
482
1859
269
1090
68
713
834
1455
1164
1409
1474
2203
2465
393
2106
1053
1092
1353
2162
1237
1048
2421
1035
1818
2064
2066
278
1967
1995
1613
2386
1775
38
31
2325
1421
2274
127
2002
1314
1597
1958
837
474
1183
910
2460
2410
1986
471
585
1618
823
1238
2401
2006
2484
904
1083
1627
1994
1631
1879
131
2360
2192
1075
2273
1350
825
88
432
1952
2409
1226
504
671
275
281
580
2243
2136
1956
1350
1272
1642
180
1992
1991
1945
1082
2367
465
240
138
603
2410
1314
731
2227
1487
2147
2044
1187
1589
2491
1542
724
1462
1825
1830
671
2231
1268
790
2346
349
1851
2443
1768
135
1063
2213
2092
460
676
1474
1982
2264
365
1454
1346
621
2448
1039
1426
1576
162
326
2474
895
1183
1170
1147
994
1827
873
877
422
606
1035
594
2226
2262
1885
753
672
1194
283
2408
2368
1817
2322
1714
468
1537
1765
2400
2356
1244
1364
2387
1451
1922
1870
739
751
1922
240
376
181
1550
1211
1546
2164
256
2391
323
2012
2327
1579
2148
2436
431
624
928
761
970
1957
859
2058
1080
818
134
1364
2102
1669
729
1348
603
915
1546
1996
980
1312
524
1891
670
1193
913
1776
803
2467
1028
2201
1137
1809
1107
1319
1531
2436
2249
582
1694
1534
328
1112
2443
436
207
655
472
606
999
1122
2004
1661
1008
2045
693
1617
1679
1553
397
2245
438
1395
813
2307
992
2174
1555
1265
863
1548
114
1306
192
1234
1192
2367
1506
944
1228
633
1592
1788
177
1203
441
735
1532
1293
1190
622
2154
1625
1887
186
686
2207
2002
995
66
1969
685
1784
2316
2168
979
1971
1570
2493
1519
605
2347
280
952
1820
1700
254
1549
1829
1534
2159
689
2283
2277
1774
1891
410
1484
58
2049
1801
2110
1479
807
433
1781
2366
1916
998
1316
2434
1420
1212
1221
2379
1096
1648
793
1805
74
1151
370
990
2285
752
1764
477
2050
2382
239
18
1758
2128
653
1196
477
1880
1243
430
1547
475
147
255
1954
1374
2386
522
1235
2252
779
628
770
1384
2313
593
2481
2466
1741
1549
672
1563
904
1349
733
2096
2371
1759
2363
665
1484
1186
2141
1378
539
1656
693
1059
1882
1485
2081
2078
1239
1544
2103
2254
596
470
557
2008
880
2115
117
1081
1825
577
1232
1314
1970
1545
1725
215
275
221
2305
52
1955
880
2433
603
1478
1448
1991
616
2389
285
1102
763
456
1572
534
890
762
2195
1097
1659
2112
876
749
1333
380
225
1174
52
864
691
2467
360
1644
52
2305
2498
1137
2427
345
521
120
2170
31
1431
1351
1270
1707
217
123
1208
1012
187
2484
2357
1048
609
2441
1996
2288
122
1360
1423
2416
1094
510
1135
675
1915
2295
2298
469
1477
2453
1288
702
316
387
2094
65
1404
1111
1382
109
891
2105
1871
1844
1699
1703
630
1453
2258
1761
1411
2444
666
1012
2265
1897
1363
936
1181
617
777
1928
318
211
580
643
2355
1311
911
2001
1726
1554
488
1127
288
2301
753
2072
878
479
1060
133
1214
1753
2337
1367
356
1625
762
1272
2156
965
1448
2036
529
866
1241
1115
2101
917
198
86
1811
1817
1141
2046
1975
2372
1422
1384
960
416
1159
478
1288
2438
1114
91
977
1417
1115
1723
2267
1572
418
1150
2212
187
1644
1568
2311
1064
2194
2245
1122
1868
304
2383
1147
804
435
601
1405
1369
1949
2462
133
2196
1930
543
1407
1491
2456
558
691
1162
1652
490
1644
1245
960
880
567
476
1430
283
1251
1793
1071
1912
1982
1437
1250
1140
1325
1054
1188
2220
1456
2089
303
1912
1764
1793
179
1868
1578
2068
2433
2291
2464
986
2380
2477
2256
403
486
96
1973
2369
491
75
999
1168
1134
1700
1987
2251
745
424
1567
2420
23
2086
2348
2492
245
2021
1641
1401
2121
254
1157
2328
163
1694
218
267
1863
1012
377
1952
632
843
1042
52
695
2187
1879
2248
1751
87
781
1766
813
2296
628
1312
474
1245
1597
2369
612
1951
1950
197
1346
2318
57
2276
11
1054
2442
722
562
800
2403
1930
2469
1806
959
1177
1688
467
1002
282
926
79
775
2373
169
1224
1200
1285
2103
2365
332
1739
1693
276
2205
165
1628
1230
1600
2215
1700
1850
670
837
1541
205
852
2214
1494
2278
2318
341
1812
1431
1094
119
1375
1346
847
1272
521
1077
527
879
1923
1685
1006
1918
774
2098
1841
2335
307
1322
1182
642
1370
2159
600
390
1906
1415
1177
1522
1369
743
2313
2325
1904
1908
211
1795
1818
2338
2122
1041
1910
566
1088
1200
491
1644
1234
2209
1303
1698
621
2356
2060
1545
2331
1587
1912
1970
2172
765
2373
1696
2007
417
1016
1300
1346
2053
762
2109
45
1465
1016
716
1571
1618
2165
2209
418
1639
856
120
2218
283
188
2086
2344
1487
691
1955
457
1879
1578
853
832
1029
1055
436
930
199
1350
2
657
1159
870
2430
1748
2404
1376
1760
2438
1719
429
1287
1289
2196
49
1372
1520
455
325
1546
77
819
1310
532
1649
87
1940
339
1021
2160
1717
2113
2134
2311
836
287
1153
1519
1618
762
1205
1171
416
2427
2426
1382
395
776
931
2432
1576
1412
220
2418
768
1870
862
2105
1616
213
1049
544
1523
2001
23
1412
1657
1805
779
2339
1361
1511
1913
2045
1579
800
250
629
219
341
1647
2452
113
39
490
1327
2325
2382
74
324
707
2198
1637
1392
2485
1003
537
48
451
184
2046
598
240
486
814
822
803
691
2431
990
431
1645
1975
484
931
817
2351
1171
39
1738
1186
1864
1037
2343
1132
2359
2118
1358
1515
614
1980
626
434
662
1091
340
1965
1794
1895
1582
2426
517
1353
509
1249
1924
1328
945
2292
1764
1812
2035
1193
1822
986
966
2092
2066
1650
891
2273
1777
1076
1904
1876
643
1735
1661
1017
2393
1565
83
627
685
2169
524
2005
2392
2074
507
955
1433
1052
1576
631
552
1469
2277
464
2356
1330
1398
1941
18
2085
1495
1102
340
1983
1796
2139
1955
655
941
18
86
1877
1207
808
2351
994
1487
549
503
1237
1299
782
786
1127
751
671
369
104
195
656
93
1006
1570
993
813
67
1566
1775
2020
426
2343
2215
1216
583
706
1910
2051
1836
722
723
1788
741
121
792
566
1448
1152
1511
2454
1550
1597
1761
1247
1626
2337
106
1775
1715
591
2496
68
2462
1256
1991
272
1742
2109
106
2435
543
2258
2103
1504
1155
2405
193
1003
28
2408
1519
2406
524
1152
1718
2142
630
904
179
2297
612
1654
379
606
2346
1761
1848
1190
2247
1807
888
2114
1493
209
1623
1026
263
481
2078
1620
1062
204
1043
1218
2208
1566
1359
727
2305
2491
474
156
765
1924
1323
1176
1560
867
823
64
764
924
1886
1537
2404
602
97
974
2374
770
1794
1063
1399
238
1007
413
128
1909
809
2485
1285
407
809
1583
591
2265
360
1316
1586
1043
837
1037
1823
690
2337
1381
1921
2169
1591
1337
999
1195
26
250
1067
688
1822
1407
1223
82
599
1122
1568
334
6
1006
2016
1312
239
508
2057
544
1324
1074
2336
1815
2379
508
2092
1338
1387
886
450
1573
245
1567
230
2425
830
293
1778
2412
2002
2225
2099
2366
2491
1198
690
882
2460
146
1440
1622
70
2165
1237
396
1512
1471
940
1977
1895
261
116
1040
880
1388
1028
1269
1902
330
819
152
442
509
310
2014
514
2058
2024
2291
2178
2271
821
1601
2113
1058
344
244
855
94
1290
1971
1009
163
2116
1436
2467
2418
844
1316
2426
1955
1056
1966
1106
1396
1069
1262
1409
11
1583
766
562
979
630
201
802
1612
1844
796
1349
505
1443
898
707
1859
490
2040
461
1457
1811
706
1382
367
2157
405
1006
628
1708
1838
678
1980
1101
1716
1423
306
1416
546
1998
1051
450
2268
1557
680
8
2124
2152
1782
2006
2228
1146
701
389
1096
2222
762
2100
1750
2499
1058
286
491
524
1533
1964
1440
838
1632
1007
477
1492
715
1572
2255
600
1599
24
96
2383
479
57
1298
1036
10
1090
1328
490
609
2023
1649
1365
179
548
1075
146
15
1404
1995
1655
593
1323
1729
1191
1326
180
1418
1634
1785
537
38
354
1319
2266
928
1124
207
1961
424
1322
1659
1097
2309
327
225
522
1352
146
509
1155
501
1397
400
1175
1177
1965
1597
1418
2293
1070
1404
177
1502
564
1457
853
94
48
1202
772
1043
1611
357
234
823
246
2065
1383
2333
975
592
1339
714
2072
