0
1
2
3
4
5
6
7
8
9
10
11
12
13
14
15
16
17
18
19
20
21
22
23
24
25
26
27
28
29
30
31
32
33
34
35
36
37
38
39
40
41
42
43
44
45
46
47
48
49
50
51
52
53
54
55
56
57
58
59
60
61
62
63
64
65
66
67
68
69
70
71
72
73
74
75
76
77
78
79
80
81
82
83
84
85
86
87
88
89
90
91
92
93
94
95
96
97
98
99
100
101
102
103
104
105
106
107
108
109
110
111
112
113
114
115
116
117
118
119
120
121
122
123
124
125
126
127
128
129
130
131
132
133
134
135
136
137
138
139
140
141
142
143
144
145
146
147
148
149
150
151
152
153
154
155
156
157
158
159
160
161
162
163
164
165
166
167
168
169
170
171
172
173
174
175
176
177
178
179
180
181
182
183
184
185
186
187
188
189
190
191
192
193
194
195
196
197
198
199
200
201
202
203
204
205
206
207
208
209
210
211
212
213
214
215
216
217
218
219
220
221
222
223
224
225
226
227
228
229
230
231
232
233
234
235
236
237
238
239
240
241
242
243
244
245
246
247
248
249
90
214
43
130
221
62
192
138
57
121
89
9
171
111
60
23
194
185
56
11
70
31
54
32
241
163
160
233
83
98
239
204
156
177
65
177
207
13
17
6
115
240
9
17
113
39
204
200
152
101
156
55
242
189
199
4
135
164
181
201
26
142
19
174
125
10
215
7
163
118
130
52
163
7
91
31
111
20
217
35
121
30
73
85
250
92
47
98
30
93
27
4
144
111
83
161
86
62
189
129
211
147
218
130
42
250
119
237
167
178
160
155
138
185
44
62
212
200
118
141
222
4
111
37
41
159
30
89
183
137
121
190
115
5
80
20
160
206
216
32
15
223
113
238
135
163
16
118
128
161
118
59
155
194
157
136
69
186
163
27
146
54
135
31
127
179
58
64
194
15
185
159
30
202
49
80
131
138
68
220
143
216
158
121
137
162
20
50
135
44
204
19
77
220
217
231
117
115
242
105
83
99
180
175
232
74
170
155
21
95
161
118
22
247
162
65
141
188
165
143
177
136
183
180
195
206
17
159
112
179
42
229
182
69
70
87
193
25
206
47
76
140
55
33
69
26
14
224
31
203
47
52
7
182
86
224
92
193
9
152
154
42
206
13
126
64
14
45
217
35
27
169
127
161
106
21
231
131
201
40
216
45
202
23
129
156
237
39
150
168
81
231
119
67
205
16
70
143
5
131
10
159
101
73
200
39
143
150
54
200
129
8
235
76
131
210
21
1
245
113
220
60
194
72
181
198
233
82
241
176
233
108
169
127
25
186
166
171
102
63
4
231
204
216
223
241
63
86
143
173
68
58
203
178
5
9
140
157
69
134
105
119
105
71
177
37
250
21
155
22
159
41
250
118
179
24
201
219
140
234
56
158
14
10
157
54
8
11
136
55
75
133
9
69
58
63
44
136
226
84
101
76
8
243
26
197
108
136
146
178
149
143
68
10
136
203
204
92
222
34
22
42
107
167
66
157
112
78
223
55
205
16
162
173
142
228
223
110
131
250
200
179
18
130
149
173
38
11
132
15
55
142
184
234
128
178
100
226
160
229
218
190
51
3
156
148
136
127
232
153
5
110
246
165
150
16
112
65
203
17
56
71
220
207
224
86
20
136
156
230
222
230
8
225
100
129
224
30
77
179
174
14
68
90
11
62
46
244
120
103
191
35
71
185
26
124
115
67
97
239
72
203
207
19
29
91
149
16
68
78
139
187
164
116
198
114
213
113
235
38
103
143
124
224
229
172
108
165
56
205
179
132
176
164
62
27
96
104
174
178
203
214
59
216
156
95
114
128
179
222
18
248
102
195
56
206
38
248
2
32
209
72
11
248
249
250
122
44
214
14
50
194
244
176
130
74
151
171
106
46
137
137
9
47
135
16
63
169
231
204
189
116
17
88
181
203
150
3
240
228
68
54
225
116
206
47
102
233
115
173
228
100
233
134
180
64
226
136
106
76
198
108
4
102
200
30
209
228
53
217
72
130
27
169
207
205
176
188
186
232
52
48
197
63
114
137
172
216
204
233
8
99
131
102
199
5
160
85
60
16
70
37
249
75
219
149
117
20
176
235
159
225
168
168
117
177
177
108
109
17
83
174
163
236
18
105
19
42
230
133
190
115
109
184
46
34
195
24
229
55
169
30
109
47
6
233
66
111
158
12
159
56
92
42
155
225
216
214
99
164
46
212
117
24
142
222
41
174
109
71
