3831
7485
4874
7503
9250
1966
6216
7467
7492
1711
1645
1196
5299
6604
6931
2486
2998
1384
2892
1927
9724
7039
9436
6620
3674
5816
3283
931
3327
4790
2395
9596
6134
4878
5770
7208
6936
210
532
2356
9371
9516
7953
1743
4042
6647
7094
1078
8482
422
3363
9440
6439
8360
8472
9125
2577
2467
965
7051
1254
3629
7564
7832
229
9594
8293
6475
1356
576
1582
4054
1895
2854
9213
5108
1494
1099
9364
8936
9721
2594
9727
4006
9211
8379
7996
2330
2936
2733
7912
3926
2139
9376
4162
7130
2089
5447
8462
3804
9780
74
3273
9095
5197
1122
2868
2703
713
7213
8111
514
7535
2913
1235
7690
9451
6045
7451
5664
7442
5851
8752
9322
9554
642
7008
4997
3765
6296
6571
3214
1795
21
3145
6313
7792
6818
8523
4821
6825
6864
2813
6039
8774
3286
6260
1715
8141
9282
9466
3401
7571
4288
2643
7035
5295
4440
1802
8893
6509
2594
3213
357
7436
1733
851
9810
5861
7517
6950
1673
7224
2906
9680
3931
5332
6949
518
4274
9731
990
7419
3738
1168
9440
2227
2028
9414
6918
6565
5382
7414
5383
635
1158
6724
2749
3977
7701
6287
5204
6280
8208
4123
9741
9246
130
4061
7490
1516
1934
3778
132
6116
2807
6332
3856
9748
4722
2555
5712
7923
7667
9075
3229
9319
6005
7967
3778
7073
502
2451
2253
2614
2382
7606
2910
5930
8608
500
6434
2811
1128
8958
6345
9959
1813
5580
5459
7547
4368
7953
7497
426
1962
73
3896
1782
9301
9362
9000
6382
8009
2963
7594
387
2614
3853
9121
4376
2441
8109
3528
23
8519
347
4097
7882
1942
1715
1949
3004
9563
1278
9735
701
9534
6587
8010
8907
6330
1935
7907
6708
7569
5734
3986
6341
5181
9284
698
8717
656
8477
184
8419
637
2733
8608
4016
1455
5734
978
5035
7031
3652
5036
176
1107
9422
5721
2539
4538
5915
3335
5879
8276
4157
3590
7838
2422
7983
6140
4139
4699
3511
214
9556
6030
5304
9561
8637
6901
7512
5783
6107
1191
4408
2429
759
6253
4869
744
6970
3062
5609
5495
1339
1829
527
2076
2898
4662
7874
2141
5848
7022
2128
887
4077
223
3312
6450
4038
5562
1101
5775
273
1055
7022
2061
5430
6768
2868
7403
3980
6693
6895
4904
3396
8504
9549
2791
4582
9296
9232
5487
327
6587
9867
9518
3444
5187
8409
3597
3373
276
106
9886
3889
1556
3834
8690
6385
2336
1584
9655
4068
9016
8624
7790
1543
7089
6509
7563
3438
5353
7359
6422
1292
151
9484
7679
5243
6911
1367
7758
7144
9125
5906
1096
1662
2202
1248
3198
3501
5714
348
3919
6646
5398
2991
2157
1079
740
6482
7709
9838
2516
5825
5416
7947
3158
8808
7295
1894
5719
8061
9867
2650
8323
2313
2082
669
7460
3716
3718
2237
8312
8076
1319
6424
3264
770
3497
919
5989
7121
7888
8841
2918
236
5159
8872
9116
1586
8817
6586
8334
5952
7591
263
96
2132
159
4289
6230
2794
4781
9972
9895
6277
9012
6044
4237
4555
8581
9950
3080
8973
2056
2244
98
8914
4088
9032
6829
5471
7769
1659
2697
309
2037
1603
930
2855
3219
5999
8581
7558
8905
5432
7731
2250
7400
9511
7903
8768
1606
4557
3105
3963
7802
450
1677
7752
4191
4301
2461
3938
1483
6109
8171
5390
7034
1010
8459
740
9683
9307
6037
2107
4316
7485
9856
8640
2793
1740
4858
3891
9232
5657
116
5742
9000
6936
7306
7394
3168
9117
3921
6287
2444
4595
264
6192
8089
2568
609
258
5794
4025
2777
7007
6875
3381
5091
2234
411
5376
9507
8537
7159
9479
4501
2106
6856
7130
8574
2820
8991
7995
203
6987
8991
9218
2630
8111
2040
3946
6087
7442
9508
5036
5926
2404
4618
9077
6222
6413
256
3735
1181
5622
3710
2553
1465
4564
3982
9884
541
2562
7871
5579
7520
1338
9112
1853
8982
3391
4617
2267
7936
2266
9150
1864
9455
7919
8253
8050
5478
6492
4974
7236
557
9198
4138
8581
9826
9967
5788
7825
1578
3840
3813
3393
3093
3998
7004
5609
8655
9956
4113
3151
1282
5741
4066
867
6105
4901
9687
9615
6688
1419
4344
684
3447
9861
9103
8558
3093
9424
1272
6782
9433
3809
6037
2290
4908
7613
4477
7914
4898
1746
260
3546
1424
2512
5462
799
2231
168
3933
8320
1614
5663
1763
5795
7182
4462
8465
4664
982
1850
7589
5846
5471
2139
5282
6192
8202
6059
4322
8820
3046
2252
5558
6784
8701
2646
8414
8433
1486
5773
9731
9193
6629
8395
7234
5388
7894
2639
3844
5527
4970
1281
5784
1918
6208
3344
3522
8833
1428
3195
8508
6602
9661
5912
1818
6149
8431
804
1228
4716
481
9176
8269
5134
2618
2740
1529
2956
6053
8458
6363
784
4291
3290
307
8666
4783
5862
8775
840
3660
8129
1873
6689
3435
3641
6454
3246
3833
1773
4230
3685
2469
3213
4271
2740
5215
1501
8748
6599
7228
5365
1531
4181
3270
2456
5100
2541
545
9119
7926
2521
552
5042
7124
588
9653
6226
7628
4877
511
8917
4127
288
2878
127
6812
1213
8282
4842
2624
8208
7601
706
4584
8812
8152
4480
5351
508
5049
992
178
1592
4298
3169
8025
6384
6526
4568
6320
6616
4741
9937
4028
1648
5695
6212
7225
655
9597
672
4055
9036
5640
2615
4854
1704
9851
5573
6758
2251
2523
7725
3921
3897
3224
1346
2020
993
7803
7775
3736
1234
7903
9061
4575
6426
4412
5103
9434
9789
9662
5218
7800
1326
7444
5654
1544
7021
5269
4731
6703
8429
4861
3418
8693
3537
1732
5418
4810
7634
2656
2700
5622
6527
8369
8435
5326
7618
170
739
1843
2123
9200
9957
9444
6204
6634
1524
3939
8495
872
6119
8453
3543
9312
6443
6099
4226
7044
4796
590
6008
6432
3089
5456
3412
1295
6897
8061
8043
7165
8165
3543
2493
5174
5084
2609
1527
5069
7589
9371
8707
2138
8668
5517
2141
7067
3668
3119
5474
2779
7293
7892
1335
4095
3827
4663
9891
1405
2403
7630
3739
3496
8458
8427
2040
918
2987
8066
6694
818
7757
3860
4891
2557
511
3497
1266
880
4313
6125
2820
6492
6752
7569
9619
1826
5733
7122
3410
4495
6428
9335
35
1039
1492
9972
9918
307
4615
7675
9291
2493
6591
9570
4301
1207
3331
5743
3803
7235
5261
4592
6412
9597
3546
1784
8255
9549
4509
6100
4484
7465
2032
187
4729
8055
4728
6627
9797
8752
2195
2129
4235
8128
4961
344
8796
8938
4124
2851
5100
265
5062
5517
9999
7585
2334
4077
159
2435
7534
7360
4253
6127
7539
8462
4753
1764
3354
3423
7680
7299
4852
8918
42
9362
678
3243
9932
428
3487
4199
2376
2085
7622
3880
5679
4396
9984
693
6761
4281
1163
3771
3313
2485
1995
4437
7231
825
8334
1338
2627
4479
9757
7761
8651
277
7025
9919
577
6736
9296
2401
3892
8412
3
7461
5298
8977
885
6498
5455
7154
8586
2425
9876
3312
5417
8595
4982
8859
5000
3833
9746
3976
1458
4355
499
2493
9928
1288
543
889
5153
2484
1588
7074
7199
1352
8538
5046
3104
2986
5109
8323
9117
8797
8266
8322
6243
892
9115
4093
4827
1280
673
7346
2280
4434
5845
8447
3949
1097
9819
3981
2472
2228
5499
9914
7375
2228
4957
9390
2070
4641
3201
5343
5353
9645
9576
3296
3564
4789
1474
7348
5997
2291
4437
5248
8322
6145
6886
9151
2341
1032
5688
1711
4489
4406
8814
3944
9495
7854
5422
1613
9690
2793
8293
2891
8931
9419
9009
9022
201
1521
654
8035
5376
4966
3104
1032
2629
2596
3290
7440
2276
5527
2041
6723
4039
3949
8353
5073
8827
4458
7489
3239
4512
8792
8741
8698
7917
7180
1608
1665
2333
3604
7748
6607
5642
2332
4168
6477
5028
1919
7700
2055
6958
955
9876
2333
3142
5133
7575
953
127
5692
7483
3792
1917
881
2150
3121
3628
7972
4803
8955
6444
3986
248
9612
5581
8394
2304
3411
5492
3031
6426
5319
1847
3575
9036
4880
939
4507
2181
3827
6935
7703
6510
2588
3588
8761
7404
4036
5428
4694
278
4977
8235
1856
1213
9308
9183
8628
9628
6798
3224
6895
93
7188
8835
4561
4790
8290
8969
5850
6478
4132
7735
2144
8592
5615
5129
9027
8395
4550
488
5255
2531
4552
2366
3969
2824
2374
6146
7309
6272
4386
2916
908
1380
3844
1702
6491
8356
6310
1028
750
5992
7871
8098
5291
6372
8253
9313
4643
1270
3339
3294
7644
5007
674
5239
9929
4380
332
2939
8347
5809
4307
6733
1488
3521
5224
2227
1514
4156
7088
9553
6619
6245
8393
3342
6860
5422
2010
8416
829
546
1320
105
8390
4799
7909
7677
7580
3743
9074
6222
4016
5585
6534
7110
4257
6841
3591
1360
9218
5472
6244
6580
1398
9673
1813
3645
8583
466
7226
6777
2149
6979
1073
3164
4364
1142
9779
497
7759
6866
2941
5871
8833
8134
4861
7987
2546
655
1970
1856
2390
4134
4982
5695
5569
9529
6968
9556
6255
1268
9793
6912
8848
6188
8009
5405
8896
5320
9410
5657
101
5372
8705
4961
7810
4915
2061
4153
664
4952
3504
6790
731
6849
2234
1401
6275
153
9829
4552
7769
6793
1012
5850
8849
8914
3348
7470
4888
8009
2276
1928
9970
2079
3169
2058
7142
7484
4490
1723
2790
7448
6211
1559
7990
21
1844
4867
1693
2477
1633
9867
6377
8899
4293
554
9949
2968
8839
4420
486
7901
3151
8019
1979
7408
5394
2221
8210
4517
6216
4974
8512
1362
2303
5271
6920
5815
3656
6163
3621
4824
5936
8962
1955
5384
5817
4388
1319
6004
2470
5699
5262
2489
9750
2125
35
7394
4167
3149
8730
8146
6380
4181
3866
4923
1977
4682
3208
5753
715
7468
4094
7311
3028
7089
6426
7019
8516
1853
7907
4439
4036
2895
2614
2703
8684
6091
6686
4331
7397
2752
8978
1688
536
8181
5497
1591
1748
4949
9912
6513
7535
2755
7500
6821
5172
492
9075
6640
8123
1528
501
5912
2518
764
2784
2549
4471
9648
7233
1724
1471
2664
574
2906
6993
2273
6672
4713
917
3609
878
6898
5433
4811
260
3007
6354
710
3314
6827
4304
9178
3281
5177
8975
4286
4689
4350
26
7504
2190
2012
3226
2378
2225
9611
9020
5565
6291
2902
6224
4349
4668
9712
2573
1433
2473
5681
5698
277
507
2337
3992
6358
6092
9071
1124
4393
7549
5342
5624
2864
3579
2109
1065
2970
7089
3633
9339
2718
7174
8082
40
5620
3814
3871
6480
7200
1599
4174
6217
4460
8082
5716
616
10000
4201
2093
5192
9729
1320
6361
3815
2851
2396
772
3281
2252
9792
3344
9555
407
6398
4256
5937
5522
9186
5059
6804
5236
7290
4443
1803
5342
106
5786
6466
3037
77
7400
3232
1673
4101
6212
6570
366
7075
8516
933
5060
6018
90
921
3037
3966
7877
4961
6954
4130
5809
1374
7386
8127
844
507
7361
9448
2950
972
2352
5354
5844
2175
2567
8474
3793
9205
7844
4086
4626
634
1318
9997
2244
4623
3859
6234
4597
217
8082
9275
2235
4387
3429
8689
5781
4174
1527
8752
1964
8456
5886
1174
4757
5642
4621
217
374
7484
2985
7752
2258
8243
998
3475
7747
7067
1693
3207
2083
3119
3196
6161
8311
9637
3178
2180
3769
1655
6645
8406
4240
9100
9898
3300
2206
197
1904
5014
4086
4195
3554
4782
1575
6245
2391
9081
2378
2783
7776
5048
4628
4295
7821
4232
5976
4137
7740
7853
3628
4731
6383
9806
1254
7498
3497
4665
4644
1651
7605
9431
8341
9854
1442
6394
3558
20
9983
9763
4764
5169
8079
4353
9355
8852
7049
4900
82
9476
5423
4927
3204
4093
5225
8187
9251
7256
622
6344
8954
2168
2606
4334
9639
4641
7694
9618
3859
7923
1040
6133
9824
5668
4815
6694
8686
1723
6228
3432
9993
3560
5864
3198
5731
8722
3927
8178
3289
2232
2941
5957
8965
1065
4624
7184
2128
3648
3017
9706
7201
262
1808
7186
8935
779
7187
5980
9935
1135
5010
7097
4258
9163
6091
958
7917
3693
1021
2439
2590
3696
8315
9908
4473
2762
7967
4065
1428
7823
6679
7380
5477
1954
8897
816
5846
1292
8495
3622
6578
9333
9975
2891
8287
1087
3994
3252
1560
6787
6655
7613
7925
739
299
5882
5673
2078
7375
9637
6152
8226
3597
1670
979
9739
152
401
130
3674
7896
7928
2060
4129
7911
7873
5110
5546
9019
6627
5798
5287
9776
4314
306
8229
3089
3642
9162
9386
7891
9536
2463
7869
2383
4739
9678
8356
4361
2953
3789
7464
6881
2711
1745
6886
5910
7329
9130
3695
6738
9503
6683
9822
1174
5232
2666
1673
2098
8792
2048
4049
1649
8933
4317
1332
9007
5135
5051
5874
9624
3342
9885
1180
2991
8006
2821
6744
8471
9997
9311
9953
4290
7405
5501
8396
4451
6468
4591
8805
9154
1320
6814
4071
9739
8953
3222
6555
1427
1279
2894
5272
1385
6546
3365
5977
3653
953
6811
6684
7776
1258
9961
966
4175
4623
4398
6516
2045
2394
8295
2540
4963
3327
5113
8498
9111
6544
2734
5350
4287
5942
7626
6123
64
6811
7561
9715
5623
2308
8280
7717
19
5963
5404
1233
8094
7100
1714
7514
4454
4677
2100
2546
9036
4368
6901
739
7383
6797
8825
6905
6470
6504
6756
9694
4705
1178
5726
6893
8074
7708
8975
1272
8566
7462
7789
9125
6306
5381
31
8147
5587
5659
8940
9003
3342
7744
2149
881
1745
4950
9580
4601
3196
3498
5200
6038
9871
870
5398
877
6690
6452
9797
6057
1403
8157
6894
7128
6223
3392
3094
3315
9432
9662
8594
6858
3183
5345
2366
9854
1175
13
2522
408
2854
335
7505
9094
9504
6098
3223
6454
1537
3152
3742
9467
823
8021
1317
1389
9226
9040
8046
2541
9193
8531
3178
5925
2866
9801
7524
5294
990
919
6807
9771
2967
2267
8300
3
5782
7905
3668
220
2173
5957
5854
9827
3758
50
1653
88
8470
1577
6649
9221
4106
5229
25
5935
6828
4235
5498
1158
6122
1336
6567
551
9827
994
1589
4912
359
4264
1712
4003
6650
469
3080
7764
8932
8264
3170
4765
456
3503
876
3393
6959
4242
6865
6620
3552
7564
7733
1721
7663
5363
8302
558
1039
5929
2607
7346
1669
5899
3090
1519
459
4710
6672
7474
2781
4538
2368
8576
2995
6519
7499
9970
5644
2868
2648
1808
9651
2814
3897
6508
1793
3661
8480
9157
1726
7331
4191
1421
8133
9197
5787
2660
8308
7068
9084
4419
1373
7853
8436
1284
4236
1076
5145
6046
9876
6616
1473
3951
2152
2871
1817
7027
3731
1274
1538
1105
821
4340
9224
436
6491
612
1808
4662
2442
2585
4222
9256
967
6965
6832
4703
7142
7274
491
9065
8429
8066
1344
4558
1763
2763
9114
9841
5963
8846
7270
5396
9255
2176
1247
4683
2507
850
7494
9017
7312
7651
9499
4568
2001
86
9530
1220
5029
7598
8676
1350
3289
9141
5097
7759
9065
2204
2815
2266
5947
5277
3906
8116
6473
4108
7624
9911
7625
2444
7744
802
8906
7614
9478
4164
2525
691
8325
8311
9038
7219
3674
4570
6093
8487
8848
1543
605
2800
9854
8179
7289
250
4345
291
4254
9195
7911
540
6233
7926
4209
6451
9613
1852
372
9779
7777
3042
3861
5196
996
2621
3950
553
8910
6842
9914
5898
2516
7386
3656
912
2151
7386
3487
5287
9674
8193
7743
8125
7934
5971
4687
5713
2333
8131
8841
3991
2031
2885
9614
9128
6587
6849
6199
2981
9870
3059
5897
1196
513
3087
676
8964
3482
7953
9672
9315
2802
771
2389
4447
5838
3689
3774
1232
9996
3590
1640
4052
6460
705
2405
1933
8376
369
2471
37
7746
8933
5011
1729
6345
8273
8548
5284
9430
6275
2617
1482
8937
4660
9340
5381
9980
3098
3776
6772
1632
8537
518
8431
8460
1913
5164
5376
5487
6675
7267
3195
4206
1974
4043
1374
4270
8774
7837
8291
1216
6644
868
610
6404
8568
2585
6691
4875
4698
6890
4962
317
1473
7959
7899
627
2291
2713
9477
7731
4443
3566
8043
6646
4280
7429
6981
5063
1634
8930
2949
2250
7207
4127
4286
2662
7284
9440
607
1264
4415
9521
4492
2134
4209
4526
9213
1077
4017
8719
1408
1800
3611
4093
1258
6125
6656
2213
1323
6261
6231
4409
4528
7064
1841
3069
1169
7731
4058
2709
3242
5631
2092
1384
6967
1487
925
8816
6169
838
1544
3905
181
6498
601
9764
2172
6697
2354
1408
9173
9006
5659
4803
1334
6080
9942
4978
4465
6752
7888
5403
2123
2157
8772
8643
4024
3901
6377
8193
4194
7994
9820
7334
8137
5446
9336
6199
8868
8077
2529
5000
6453
1254
177
7943
267
9237
8666
3362
6881
8224
906
4438
3604
4204
2956
5478
3153
3411
3578
1188
2189
3364
3296
6095
1998
3416
5997
5529
6038
3356
4979
7603
897
2032
1613
4391
8644
6410
384
7842
2293
7608
7834
4188
2025
6481
1863
8741
4872
5430
3331
4334
2493
8474
938
5377
5193
8250
9450
734
2776
4523
7162
9156
6587
3968
9972
3768
8708
5749
8941
4372
8769
6603
2854
1711
7135
1199
2619
2933
3871
7033
409
1475
4582
5998
6476
3425
7039
5603
7429
8108
5899
1263
875
9567
5417
9435
4633
9053
7600
1496
3013
4798
7480
621
9473
9956
9593
5852
3978
3544
2460
4608
5358
4934
9469
6022
7499
8498
9538
4660
5426
4949
4981
1210
5674
7352
8909
6036
1280
9883
7307
8921
9084
6867
2032
5459
5104
2766
4620
523
6905
6388
5409
9744
4712
9980
5126
3956
7898
4504
4696
5747
8755
5390
6426
6193
5706
9379
4125
4767
4494
7478
8186
3194
3414
8039
6380
2288
9461
562
1148
3039
412
3404
5076
2476
474
4793
5444
7917
1039
4039
3091
6212
1934
1450
7613
6280
832
3797
7227
1041
9590
6674
8817
8080
9030
1518
5056
3481
8614
1348
6284
5550
4359
4324
8871
7369
3417
3728
6444
6693
3452
8211
9320
2778
5558
334
915
3459
209
1360
3021
3101
9180
658
8611
5999
4417
2556
96
7825
4743
5223
6224
6234
1982
6832
1728
6010
3895
6086
3441
1072
4790
2240
460
5833
8864
734
6831
4070
4750
9818
7558
7768
7348
9978
8516
5883
4651
8742
3920
6572
9658
6928
7069
5144
5860
3397
8898
3283
2826
62
4392
6450
1009
5827
4226
5461
1550
5245
8886
6277
174
3174
233
7093
6531
9664
7178
8888
4920
4206
804
7807
7685
5539
1959
1533
6318
5653
4688
5465
2886
1133
7029
3391
7457
2127
6509
7780
8582
7328
3996
2643
3507
6712
5564
1657
3900
742
9782
5545
1211
3226
528
3661
8651
2195
2833
8011
7728
6406
3424
6687
3517
3991
2171
9594
1545
6903
4835
311
6012
6139
4
8694
5587
8660
9730
5591
5043
7040
1422
5236
7850
3277
4393
3019
7536
389
7440
1735
4669
123
9989
6282
3461
1488
8942
1449
1678
8177
5910
8356
3426
4145
5986
7520
8912
3151
5854
4467
6204
6388
7734
2636
5847
2891
9761
6124
5177
7933
3799
7829
8571
2808
6115
8141
2497
7259
8995
6174
3060
513
7212
3358
6606
4375
4315
8487
4190
8875
2422
7874
9228
7220
5457
1892
5399
1672
2253
3861
2793
7022
2619
7944
5148
1313
4494
8252
8005
2525
6157
1791
1519
3449
8072
2138
9379
4097
3602
8333
6707
798
9357
8375
9654
2164
2980
7777
957
9705
6721
5288
7700
445
8927
4838
8805
2026
1465
6012
1686
3865
4273
7550
4338
1054
6686
5419
3109
7314
7996
1911
8801
7691
8183
3271
6702
7978
6338
8216
6927
2768
8449
7020
9071
9534
4488
2898
6761
9000
106
5601
6503
7060
5875
1376
2627
2661
5681
1813
2553
8975
61
8025
1101
2598
8088
3813
3449
5288
5200
2027
5807
8707
1250
978
8653
8260
7545
4687
5678
3213
1892
2893
140
3666
8102
4122
7988
8625
4551
9213
2994
5419
8
9367
9995
4659
3236
4389
7258
9970
4177
623
4258
2309
8742
9409
2354
9076
2407
7091
8950
3167
9835
4326
9626
2711
3231
5294
729
2550
2403
2583
9284
1948
5810
6741
2911
2919
7055
8220
6757
9054
3306
8696
795
2410
6866
2730
4082
7729
5541
9008
7318
7553
67
8464
6116
3366
9025
9377
6968
1240
1225
101
6980
5684
8718
3735
7948
1492
6701
5853
7182
8126
9391
8858
3168
2790
5115
5715
7746
513
7864
8523
5682
2775
6656
7758
7198
36
7345
3494
2675
9483
5949
1117
5381
9207
4257
3792
504
1312
1794
5581
9562
4214
8147
1497
5475
6237
1699
31
565
5206
6116
1624
8638
3493
9590
2196
1116
5588
2706
1203
272
4195
9363
563
5499
8666
382
4214
6949
4046
754
9359
5564
9355
4634
9656
4153
7940
2032
2403
2783
804
684
5116
3165
4496
5865
8423
6755
7131
9912
6683
5809
6229
1247
7194
3450
1585
2057
6076
7063
1778
2097
1591
8888
8561
8953
6301
3702
3806
6548
8194
1268
8112
3204
6361
9092
8170
4685
6282
3782
3453
7049
5057
458
2356
3301
7222
9719
1984
3944
2021
5412
624
8051
5178
5971
4012
4820
4843
3038
814
1845
6145
9769
6542
2497
4515
3063
1545
2119
1777
4777
541
9431
411
5425
7748
6281
1772
9380
2490
3021
8214
7822
7404
8540
2315
3232
9183
6110
4757
2532
6890
9397
8531
97
706
6759
4128
5818
6224
809
6513
3056
8768
3510
8043
5624
1337
8591
6207
3480
4580
6748
9572
2218
3899
8304
9855
9987
8127
8987
5872
1677
2805
7466
2348
8208
9695
1129
4691
144
3299
1848
3550
8832
8970
2555
7255
7732
8839
4251
6804
6084
4993
9274
5505
6444
511
4516
2937
4256
1168
1184
7873
3789
4420
2598
6049
4987
1562
6235
799
4975
342
7112
2442
9308
5726
1337
7425
6057
9730
9617
1182
7902
8390
346
8946
4904
2926
9290
7773
6124
4805
3089
4698
4984
1673
8655
2709
8965
7782
3059
970
969
5949
6589
1643
4281
481
965
9086
75
1759
9477
7841
9097
9831
7937
475
1377
3707
2695
1888
5754
8035
8817
5104
3842
7786
1912
6044
5762
2920
4050
5174
5891
9197
7932
7381
9321
6327
1650
4770
8029
4000
7307
1346
2441
1736
9795
1136
1469
5946
7952
677
3422
173
2741
8247
3454
4265
1924
4619
3927
8740
2462
2105
656
3945
9111
5307
8242
2627
1029
2961
8420
2043
1383
9316
2963
8780
7763
356
9470
4559
8887
1425
3517
2264
5872
6115
6993
9900
105
7142
5606
941
1707
5029
9638
2516
3427
385
7479
9546
7026
4527
1332
1587
8574
9532
9562
1864
5749
7149
2153
575
5121
5527
8538
8360
5127
5703
1071
6374
7834
6896
5637
217
8205
6431
3399
1524
6677
7916
829
1472
3308
2383
5761
1596
4930
8973
6898
5423
2094
4526
1441
4828
7619
9931
713
257
557
7097
7084
3276
2283
9837
9800
6873
4262
5963
6760
5308
1135
8079
5158
1288
3880
9863
9487
331
1256
7435
7487
4758
2066
9082
4956
4780
6559
5026
1982
7510
7223
2108
8715
800
831
5601
9729
724
5517
2461
6461
3281
6295
2559
8232
5303
6745
6905
7777
9986
9125
4027
2998
353
9220
2854
28
6962
5931
1616
4990
1035
2457
5299
5409
8071
8604
5825
4422
4540
7332
1161
9561
7589
9247
6575
4807
2673
2931
8603
4508
7047
9979
4592
8586
7619
5128
3991
4646
6194
3145
5415
3516
4694
7638
8275
2130
5510
7429
7953
1786
9942
7647
2275
5217
222
3453
8403
2133
3721
9180
1567
4004
8412
6575
4719
1839
5521
2564
1455
7277
4208
2671
6045
2028
3977
5362
7169
4146
6592
2382
7428
5154
629
5139
3822
4362
9487
7283
4304
8328
8164
7877
9946
8941
8775
9270
971
298
4143
2329
435
9159
1264
4687
9766
5619
105
306
7167
3509
6233
3403
782
7952
3454
7475
2176
1814
6747
7303
9049
19
8582
4180
6433
730
5531
3826
8648
4398
2208
5566
23
4518
3527
6815
2373
8115
8393
4537
7410
9742
4101
9088
4276
5098
7653
4884
1451
7369
905
9435
6579
5691
7442
5917
3990
5153
5885
7593
9531
5343
9769
6868
5935
2319
855
2753
9358
5170
9326
44
2926
6690
904
4609
8153
3620
6637
1930
6965
5545
3002
6757
9777
1011
7613
7028
9742
7636
4191
1789
2503
1233
8142
9234
8463
7830
230
3051
8934
8228
9436
7727
4359
4517
9607
8162
2673
2576
4171
4728
2000
648
7635
4232
8487
7967
7242
5547
397
7431
5143
4052
9697
9881
546
8058
5338
3823
4999
4544
2448
1579
3814
2533
5425
4219
2325
4247
1649
3156
403
7187
2417
6987
7321
5607
426
7059
9071
665
7382
5216
4487
7904
4572
9882
8106
6016
6182
6189
4478
1107
5648
7725
5857
4243
48
4583
5797
1956
7756
9011
4168
3630
8092
5222
14
1592
333
4931
7757
3376
3263
1217
997
9783
9980
6488
202
649
3750
6485
6543
4842
2059
8397
7697
748
5591
719
3485
909
6167
6769
9615
5853
437
1148
1352
6798
3653
596
5291
2564
6107
3247
6916
2044
4646
5864
3829
6472
3117
8763
9631
2216
3557
7664
2329
1445
9164
3269
5296
3958
1029
4899
2748
4806
400
4275
9098
6077
7765
2633
8059
8330
7965
7022
8712
4594
2333
492
9072
7906
6720
5347
2320
5233
1984
3273
8318
5953
7313
2717
6643
7668
3786
6524
1474
6698
657
2477
9736
4905
9505
7559
5522
3446
7531
978
9958
495
2950
1899
3711
5915
36
8529
9624
5673
6339
2908
7140
8357
1756
4509
2424
2265
4347
5872
9094
6448
6524
911
7143
5765
5518
8352
1619
6651
6087
6079
7344
7478
2004
6534
7461
4518
5003
4040
9562
707
9103
8685
7566
4068
4591
1959
8580
2890
2332
7860
4940
3657
1060
3484
4345
9399
2800
3210
5892
429
1286
9176
460
1803
3628
3443
2647
1015
6794
6797
1850
8069
6266
4673
3633
6675
1439
4449
6684
1387
6575
6843
3991
7004
1599
3994
7364
2866
1945
9049
5446
3329
6796
4194
6588
8721
2897
9557
6393
8787
8325
7476
6060
6114
3912
1835
3297
1189
5136
7997
1507
2913
8362
2841
2700
4683
463
7931
8490
2602
1407
6991
9472
5819
9085
5793
6694
8110
8199
2432
5470
158
3520
5952
5
8030
2011
6815
3377
4447
8038
5711
2701
6734
209
6242
5550
2314
4409
4084
7185
643
2822
9906
3652
9870
6301
2872
6174
6709
2771
4008
7387
7371
6559
3687
7591
3645
3849
2737
2486
7316
421
3325
8382
4679
2023
8907
6066
7038
7314
3977
2989
3009
7217
2869
4423
8431
3344
6189
1510
8234
1816
9234
6707
6335
2581
2155
5144
3619
7366
4790
7540
6073
5729
1769
7419
6353
2688
9287
1260
3530
3468
5694
2528
4088
5940
6492
300
4849
106
2290
755
7393
2314
9361
444
1997
5320
1985
1659
9348
117
4993
5422
866
4622
9560
2806
7534
97
1242
8768
9859
1292
2838
8543
5884
8004
9660
3176
3257
4830
4268
6266
3534
2190
7273
3144
2970
7002
7197
6708
5252
3578
8230
7417
6994
3039
5742
3621
9940
2957
6744
8241
669
2246
1398
3823
5969
6612
6888
2095
4314
9826
591
318
4677
4872
9375
5643
2377
4369
5683
391
6904
1882
170
9737
5165
2842
6287
5355
1333
6328
3350
2724
3035
9342
6466
9986
300
5752
6852
2404
8265
6761
7230
4866
7402
3082
9510
8106
527
6959
1142
6344
2226
7193
3616
3041
7272
1873
5646
8012
647
7303
6375
3468
8705
9784
4030
2942
8383
5973
5669
3868
2409
8086
4095
3244
2657
5450
5794
6601
5695
2329
5723
1516
6903
457
9580
8182
8439
7417
816
3404
876
7118
4895
4607
6181
6391
5325
4134
607
5759
8509
9435
9535
4270
8532
7760
1070
1404
5832
3148
7678
6372
3302
8869
5563
6912
4082
7291
4461
4743
553
1151
1322
9632
6227
6798
9304
449
853
6575
3328
1960
7858
1332
3598
4453
9362
304
9589
6051
4842
6598
6751
9618
8875
4969
7042
9794
3191
4613
7535
2429
6157
2937
7732
4609
6806
6144
8400
4152
4248
2203
710
6774
1864
1340
8939
3039
8108
3201
8570
3475
6766
4156
7975
3112
1293
1563
8257
2321
2974
5512
3600
3856
1184
63
845
3589
6140
9367
6033
18
1227
383
6086
253
5681
4743
9578
400
1576
4136
2897
2721
40
6561
1978
1337
4945
1103
6746
9780
7691
9816
4325
1828
8005
3844
2843
5153
6346
1560
4494
7185
4737
5840
5602
1936
9395
2232
7454
1532
2568
5784
2607
6656
6346
9322
2843
8235
4651
8841
8994
3516
7363
3208
9073
6525
8833
3644
3137
8313
4626
2902
6028
906
3424
561
8559
2611
6098
3476
9803
6935
3841
4117
7670
6357
5930
315
590
2977
7743
878
7422
9503
2760
3901
313
6718
8184
5307
2882
3279
2282
6998
8430
9057
9002
8662
6514
9787
5600
2415
5606
501
1831
467
2155
6483
1291
8967
1832
5310
305
3248
5984
8001
5185
2890
5616
7837
3326
2501
1668
9674
1254
9132
1625
9130
6004
755
9885
2347
2083
6924
7395
3274
5629
1318
9842
9822
8258
1683
301
7832
1412
8725
2558
485
3663
1252
7563
7069
8054
4814
1034
8331
7192
7084
433
3881
7730
2220
630
1624
4542
9264
373
9753
6553
1987
7456
7419
1105
8979
8384
8769
4365
3840
1690
8495
584
2783
4701
8833
6341
2539
5704
4200
7238
3625
6552
4066
5511
7206
7951
2597
3877
4543
1488
3592
9309
7900
7463
5981
7631
9675
4886
6287
4032
9029
7913
4468
8399
2862
1483
9055
1887
782
5170
5669
4451
7927
7685
5113
5945
6659
5358
8806
6557
7260
9338
6777
9294
4359
380
1817
3677
9630
5554
4116
2129
2648
240
711
6520
6311
9129
57
3080
8509
1228
1204
2356
4188
9386
5474
6026
4793
9125
9152
3848
2220
3204
8337
4063
7543
1108
2994
3280
7408
5369
6949
4019
813
8978
4012
8471
4987
9114
4004
8452
2443
4106
668
603
1866
7835
3504
5311
395
5274
1110
3165
2579
6581
2628
2006
9408
3009
2492
6253
2727
9006
4454
5340
5705
5746
7576
7345
3569
5826
8852
4710
1180
1712
2174
5470
310
5213
6841
9627
349
1599
2317
5917
500
1582
7398
597
9366
9673
7820
8679
3717
5766
6811
5550
2398
7446
4815
8809
1419
902
9325
803
1589
3010
800
7697
531
1524
7727
5460
2467
5514
328
4654
4004
4198
9547
1729
5262
9822
8917
4627
5902
4564
6168
4014
6866
720
4243
1475
8990
4026
2035
9967
1768
6276
4726
1510
4198
9027
1527
5884
530
2350
5211
9539
2774
5022
535
5934
186
7206
3340
4291
5656
8797
9616
2191
6152
502
1642
3060
7613
4465
5754
8750
8875
6074
9571
8419
467
5822
6853
7176
5932
9598
443
5872
8400
1773
558
5311
9536
9044
5268
8765
9701
3972
9977
8231
3364
5275
1432
1199
989
1775
5830
371
5521
4168
171
7467
1101
1099
6990
2380
6951
9600
7451
7306
8035
1749
484
4538
3907
3227
5442
8661
2873
9806
3382
7800
9434
7363
6256
5336
4786
6425
4570
4115
1853
2802
5955
8498
6137
6827
3748
6491
7446
1943
4000
5635
742
9722
2556
6929
4119
5713
5736
5581
4634
2383
2090
1783
6863
1825
4966
6228
1455
4051
8604
6354
7974
2860
1998
8365
8651
7604
2747
7787
7645
7959
4333
9810
7243
6721
6156
3993
8304
6792
205
283
8298
7946
1402
9272
1173
8491
9631
6389
9513
5168
3022
6788
5805
2506
8272
8127
6550
1274
3833
2398
3424
4803
3159
7992
1415
1534
3142
5574
4770
3910
3458
8146
5501
9587
4379
8494
834
5300
3646
7218
9924
1093
1686
7949
8471
1649
9854
620
8879
4176
7377
7865
9555
5409
9632
6011
5197
7572
6624
4299
8946
526
5517
2278
2441
8271
6191
4670
6521
3968
4408
7180
2355
6389
3366
2752
2777
1475
6395
3481
5497
5419
7607
8176
1451
9780
7887
7102
3475
695
5532
3453
4082
6244
7650
8524
2160
4866
8171
4989
1678
5075
8848
6552
5835
2933
4867
8146
2837
7925
1612
3481
330
2943
6414
7654
3578
4864
2965
2629
1434
8748
735
6320
8744
8267
6436
7975
1446
8399
8659
7804
9717
5473
826
5115
5632
7673
1057
6551
5057
235
3796
9968
1764
4958
3116
5520
2726
5769
7896
3028
9
2055
2621
2600
71
6953
4359
8811
7424
6266
4491
2482
3331
9710
8683
6392
3589
371
8100
6355
8720
8954
1880
1378
9195
2367
5763
4706
7938
4739
7116
1744
274
9275
1034
7369
6403
9985
1328
9165
2274
5128
9287
8178
6922
9182
9110
260
3871
7626
7376
8314
6982
6196
635
7332
4020
2900
3816
1344
3538
1346
900
3852
1338
3277
6554
4150
5681
519
8130
1200
5072
9165
9674
9487
8320
1653
3072
7634
2977
4160
7881
879
8200
3615
5073
2729
2307
7057
7775
398
6938
2330
868
1197
3540
3312
8848
9716
499
3135
5410
2568
7981
8332
1018
4686
5496
4983
9932
694
6113
2281
9443
1687
6584
3549
8575
3909
7324
4955
7468
5487
3183
6303
5425
7877
1493
8969
5426
2183
8127
1997
8226
4489
8750
1018
137
6371
678
2856
7966
4372
8769
4970
5361
5014
492
8707
2920
3164
6450
6726
8243
392
7923
9861
1806
8474
9729
4203
8275
4355
695
2101
4249
1800
2966
4938
3069
2801
1358
2140
507
5137
9125
6999
201
7280
1927
3270
4752
8019
5242
1125
5816
5693
1724
448
6303
3919
4539
2075
7382
7660
2113
3803
5769
9623
3563
2561
8872
6237
9636
7655
6710
1039
1202
8051
3613
8648
5437
2521
6652
8861
3175
5932
6191
6018
8205
6037
25
1993
6664
7804
6609
4037
8112
9491
8998
1069
5486
51
3887
92
6445
3981
9588
4597
4236
7394
2835
6067
5522
7551
1120
4046
8303
6432
4364
4443
1626
4262
256
8043
7340
4419
4678
1251
7352
3409
3540
9787
5862
3570
6630
1312
4363
3859
6088
452
2807
3258
1213
4421
6138
2958
9982
5243
883
2165
802
4667
4791
3912
5462
2345
3435
2947
9338
1562
3902
1993
3608
5319
4725
8165
3138
2525
7892
795
6198
4114
1430
8476
1760
1826
6954
9736
4828
9303
7818
6222
4823
3047
6392
1279
3202
9319
3240
8977
4065
46
1716
5471
5894
9652
7600
1294
2948
9289
1371
7450
4099
2770
718
6942
4032
2909
6164
9283
8526
5782
3222
4704
3981
3939
5842
624
4373
7162
5815
9169
7807
8290
6848
4440
8240
5750
1482
4353
1891
7222
5428
6340
5634
9880
2594
5636
1569
7308
1006
3410
9399
1933
7100
7774
9417
5714
9432
9629
4021
7445
1118
5894
3624
9499
709
5942
6733
5410
7945
3443
8210
3305
4595
4558
3240
7256
8023
9217
7943
3313
3067
4776
3787
5230
5695
9933
5456
218
1277
3435
8485
7836
7199
2772
1440
2493
3767
1006
62
1787
718
9064
3733
1526
8861
2570
2728
5511
9201
8314
2550
385
8463
1323
7743
3247
756
7424
4212
1821
3703
5423
6394
3971
5486
2928
7675
9132
5018
3316
1241
9493
8512
3987
3791
112
2868
5278
7398
3880
7908
5907
6897
1407
4702
3950
630
9300
4127
5676
6218
48
7001
7643
5063
8911
7728
4494
5468
9564
5282
285
4018
5716
7713
5720
6774
6637
1758
8908
1431
992
1027
5518
5102
9217
1468
3605
9749
4623
6787
6708
2534
1799
2280
4229
737
9043
3721
3297
8137
2784
52
9035
4747
7021
3158
9724
5948
3759
9118
1113
5071
4193
4115
6690
287
3817
6334
7972
4975
7958
3094
1037
44
6069
6390
1743
5179
275
3405
7390
8628
7725
754
7363
6267
947
4194
9107
9287
1211
3464
6906
4496
3473
6599
369
3434
3868
2503
9454
1720
8140
8649
5899
127
1232
9001
1695
8809
9860
7039
648
5859
6951
7202
1498
9923
9514
3274
9664
4137
7349
4128
1441
2672
2052
9620
1583
7313
3326
2426
8169
3093
1398
7027
3505
6869
1034
3635
6215
6544
4729
6100
6323
9880
5474
6823
2482
5017
3063
3618
9384
839
8704
2842
1348
1235
1692
1854
9329
1801
1538
9805
8936
3897
7062
934
7379
3105
5864
9914
2381
179
1942
9552
8725
9208
3809
485
2881
1121
5053
7517
2606
5781
6657
4859
1958
524
9023
1624
2795
2518
5790
164
4223
185
7042
1414
8726
3430
9213
9761
7811
1719
1055
7190
6735
6167
2761
3216
473
8493
3552
9120
4055
1511
908
3877
4970
4431
8592
3351
336
5436
8116
6289
7442
776
8302
553
2766
8569
6575
1165
4911
7711
1305
1067
1816
6281
1374
6108
9440
8804
9220
7983
7398
65
197
4622
8374
8801
9635
9343
2900
3871
8217
1177
5845
8795
6396
7617
4974
3055
480
3200
1924
2767
1655
1282
546
1906
7556
6766
6648
9351
4446
3325
7456
9446
9824
7593
5853
1813
1213
1460
204
499
8881
4081
7420
9636
7426
4242
1882
3450
5269
3200
741
3148
5661
2561
5297
4502
111
4585
6503
300
1681
4591
5049
8172
2768
7690
5746
2639
7665
9881
1356
7292
7503
6892
9148
3674
1987
5762
5559
8943
4354
463
6936
9529
9200
3434
2154
9384
610
9041
767
7
4817
5417
9139
8245
1259
4069
2203
9252
9603
5394
9175
4942
1880
2558
199
3502
2947
4275
7929
7890
6267
483
9376
779
2067
1617
8848
5470
9506
5642
5190
5115
4355
7550
9861
2551
3699
1295
9531
7208
2391
1493
6258
4796
5744
5723
7442
2150
8871
6921
2419
6727
499
2063
1121
6917
9738
4699
7112
4666
7491
3944
1103
4284
3593
1827
2353
4452
7580
8890
3334
4062
9474
1876
1904
3932
6811
8231
1297
5142
450
5082
5578
7666
3071
3879
1662
1196
9945
4316
4230
2738
2857
1343
5581
207
5226
9916
4315
7090
5868
7596
255
7338
8471
8579
2678
848
2685
1190
1192
7985
5160
536
8593
9574
7299
2304
3277
9602
4821
3880
8061
2520
1527
1764
8470
6327
583
7836
9784
8659
2197
8744
9916
8256
8475
7400
7479
9837
217
8381
4076
3739
4110
2551
2557
3993
1587
4892
9537
4078
6913
1554
3969
4017
2019
1881
7965
4424
7526
9176
2972
5500
8476
8322
992
773
2128
7589
2600
7735
20
1759
8879
6265
759
6524
7153
8926
1474
7969
7934
2081
897
2191
9815
7794
1311
8596
3878
6903
3818
8323
9274
1169
5077
4286
6783
5437
3244
9662
4940
1234
2546
880
3222
7886
3591
7067
1330
472
6005
6225
4792
1889
9978
50
963
5245
5776
2280
6885
8311
7127
7987
6343
614
5188
8561
4797
8682
4738
3016
2376
7394
7559
9012
3237
974
7954
3720
7396
7772
240
8994
9571
5058
6094
480
9832
8519
2761
3977
4381
2253
641
250
7734
334
5404
1213
5006
5875
9399
4359
6063
5659
5175
1407
6577
430
2797
7334
6154
7423
5607
7847
643
6375
3188
493
5339
963
5600
2843
8804
364
2605
6636
7563
9999
7778
6872
5766
2617
1789
3247
7190
4961
5701
2021
2188
4418
8331
8266
4648
5923
46
1685
1404
164
6845
188
5119
4519
9271
371
5261
7625
5934
638
2332
44
5274
6709
169
2514
410
1139
2705
6792
5638
9691
2332
6124
5888
4296
227
4301
2472
7614
8674
9486
4303
2130
8585
8454
7603
4851
7036
5959
5400
196
9978
4376
9752
8200
1003
5906
8162
5672
2099
6067
8830
6403
9603
8371
592
2115
1935
6993
4203
8504
9673
9928
956
4275
4524
4227
7479
4385
2293
6186
6784
5474
9884
4473
528
2341
7088
9643
2119
9522
2224
8088
6480
9491
2551
2760
7856
1376
3631
8563
4696
9973
4933
758
619
3682
9533
1700
9177
6480
2172
3543
1705
5515
9156
4113
8165
8512
1741
548
799
8004
4797
5865
3266
2398
762
6273
9299
5010
1607
6310
8854
9467
4251
7965
1597
6357
2879
3227
4651
1732
1157
737
8071
1268
5270
8213
5324
3278
9092
8014
3437
6675
4894
2732
5014
4776
4082
9697
7773
9278
1356
3552
1336
8413
8701
1953
9224
3405
6663
3694
3714
2209
9652
3629
9855
8304
5943
6761
9065
4945
2538
5023
5814
2386
2006
2611
9777
213
8593
9853
9107
7512
594
9732
3377
2816
6512
4420
5839
1569
3352
3839
3570
3915
7885
798
3427
1316
2650
8385
3040
2063
7267
6283
1740
567
5738
5443
4935
7882
3901
2712
8488
4404
5900
6485
7446
4230
7704
8013
9238
7235
8615
4115
5423
439
3909
8568
1337
4788
5844
5377
3844
9563
3284
309
2037
2307
5005
400
5115
7225
9
4903
736
6693
2095
5257
7227
6468
2714
6093
1282
2119
5176
4542
8092
1368
8334
5200
3589
7204
6649
1997
1723
9657
3327
8769
3637
6861
7284
6014
9667
8456
7256
2461
1696
1824
4286
6274
852
9855
5064
6234
4838
7027
8318
3332
5871
257
7757
665
9
1431
4716
9641
6503
8621
9401
2211
9950
9351
4194
9985
945
1498
5856
7022
9738
40
5358
8133
9460
1338
2743
5591
1014
3625
5117
1385
5274
7368
7622
8295
2827
8642
801
8937
3164
1036
1623
3313
3942
246
5116
4829
6746
9795
5780
4799
8516
6466
2482
9686
1712
4857
4444
937
6486
6061
2618
1088
9681
881
2829
1071
7630
5704
3613
6944
5472
9912
2843
7324
4352
4637
2805
6981
9905
807
6248
6515
5234
8386
959
7945
9164
144
6265
2339
8411
7893
9737
2879
4634
302
6023
7077
887
574
6916
3044
6533
3463
186
1802
8272
6801
1506
9983
5692
8667
9215
9311
4630
619
8840
178
8412
8387
708
5274
3080
5331
6349
8680
6551
8356
6326
540
8553
1288
3609
8983
6353
8444
7769
9070
523
1990
4230
1806
1773
1633
575
5014
5910
5282
1586
3781
1396
7959
5999
6257
3922
1083
2331
2289
6573
7640
4815
152
2184
4713
3584
7742
9270
2155
922
669
7492
2560
5494
981
569
4415
3595
4972
3493
8699
9392
342
4359
7950
9600
2316
6891
2754
5670
3932
2416
7773
5031
2973
6136
9718
7871
3726
3672
1016
7955
8186
8719
7554
2966
521
9588
5416
7367
3958
8824
2698
3607
3016
5786
8254
1097
3296
8041
4668
9714
2590
8052
3543
7520
4800
8621
8467
1831
825
6189
6727
6118
7833
4833
1345
2937
3214
3329
9664
6551
8743
7889
8466
2171
8913
289
9082
2928
8688
8351
5885
3013
732
2348
8138
3888
5173
6556
4707
5599
2884
9095
77
9705
9647
3101
3840
115
8489
3046
6667
8831
2228
1686
7623
8735
7491
9712
7158
487
6481
8978
6360
992
7752
1886
5610
9465
8719
7912
1131
5448
963
1259
6796
3167
7728
2167
6100
8409
9708
901
7597
4611
352
8619
6671
8919
5044
5594
1350
6420
2886
116
6466
362
7591
844
3707
5489
9506
9750
4671
9577
3945
3245
4714
7435
5918
9811
4817
9807
9388
3747
7403
775
1855
4434
9596
7545
470
3316
383
9834
7731
9339
1951
9813
1405
7899
1602
7194
2547
920
7218
356
6076
9473
1194
2899
63
6246
314
600
252
7651
8135
335
3526
2337
7506
7590
8078
562
5395
7676
8029
3675
9554
2501
9005
5598
8801
3178
7365
5044
5225
7341
2175
202
1744
8410
4759
5027
8132
6520
6098
8523
3431
6143
2889
9691
9127
9188
5456
7208
4712
352
727
6438
768
367
9005
3098
718
5268
5196
1806
3656
4873
853
5853
5392
1539
329
2206
8467
8869
3089
9709
7038
6843
4490
3956
5613
343
2704
2362
2513
1257
1062
7938
9900
2934
3136
2324
4604
6011
829
7576
4482
3259
3524
8446
1231
7444
4297
8507
8378
6032
6140
5694
7904
8648
5519
2513
4344
4034
4162
4715
2290
5835
1853
9042
6635
6063
1977
9246
4847
5733
1851
9896
7644
3608
5054
8209
6191
2752
5788
1631
1038
6816
9513
2898
257
4072
4076
2661
7166
698
3258
3568
6223
4809
9217
2266
6545
1662
398
9532
7692
2741
1595
1153
3722
7060
4808
4473
7638
6171
2661
1581
5731
8214
6138
4685
3894
4480
9476
7268
5712
7090
9852
2349
8396
3161
3940
1263
5154
9110
4401
260
2613
4862
5712
8951
3791
4146
2855
4444
2727
7769
2393
7881
8668
1481
1972
8882
273
5124
747
7891
2949
1471
1643
9974
9214
574
5501
1348
2785
2107
3911
5048
3120
3190
1759
1087
9920
8550
3037
3676
8934
2270
8523
7112
1854
9802
28
4102
1656
9528
4326
5429
6383
3284
2541
3886
263
3036
2685
2077
5539
1954
1684
4317
7856
1744
5930
7212
2977
5461
271
4302
3927
6430
8015
9629
1693
1568
4020
8573
1454
8001
9128
8126
6675
3750
8868
8235
6605
5095
9690
991
6235
8831
2620
7207
7481
8528
8216
6994
5541
5267
113
373
8623
9613
4314
2956
7660
781
4401
1419
6679
3857
1637
8050
7797
3656
7814
6303
5859
5971
5864
4685
2430
1397
963
4970
8207
4138
7530
1190
5777
9139
8086
3911
7696
8319
7535
4361
7888
2933
5767
5507
8087
8238
258
5046
6232
6655
4789
4558
253
3492
7530
1179
5216
1689
8973
7785
4758
6353
7031
2043
5593
9962
9396
6870
3152
2152
9539
1865
2925
7213
2185
43
9586
8042
7922
7149
913
5167
3846
6494
2639
2958
6980
2317
5092
1854
2414
5881
7282
3355
3056
7541
1392
555
5694
5831
5602
1980
8841
5503
4774
5928
5661
4725
7101
4346
1946
3195
5715
843
6061
5121
2894
53
2603
984
5103
3609
5753
2190
2152
8203
6955
7576
187
4539
3175
718
5642
6703
9461
5007
6688
2155
9814
2710
9658
7587
6861
5412
1876
5063
8398
7277
860
7869
2658
4015
5509
7645
5124
8364
6843
6533
5131
5033
7357
6381
8549
3534
2124
8693
5148
3278
9182
9066
8583
4321
4271
1335
7200
7853
5670
8328
9469
8340
7919
3386
61
5206
7482
223
7346
5158
5871
9165
1973
5946
8827
7606
106
189
2412
1362
2001
1807
1398
5720
5430
6732
5743
4732
7718
3993
477
3458
7662
522
5098
5361
1
8609
2113
786
4822
4290
808
4279
1820
5538
1241
9481
6539
2333
7519
9994
3769
5414
7737
4538
4981
7097
9582
1620
2755
7341
4238
4984
757
4405
4401
4372
3970
1109
1966
3931
2037
3714
7834
9096
6645
7906
1147
1995
5452
8771
2183
2001
9191
9879
7966
9699
1529
973
5121
9285
7500
3099
349
2223
2373
4855
8440
6984
274
3269
8887
6045
627
4507
5593
9234
9123
4176
9476
4591
561
1218
3354
7740
5663
6183
7303
7351
790
2988
8090
5778
3924
3657
7470
4074
2612
2085
8691
1249
1912
5126
5294
6301
5108
96
2474
1226
6826
6319
1257
8730
3054
3408
1723
4269
4950
345
6201
7564
4048
217
9887
366
3088
5258
6548
4798
2948
2499
9479
4436
5381
3770
4439
3263
6364
871
9599
1892
1807
3891
5341
3152
8119
5487
5438
2505
3327
9873
1879
5379
1915
7002
9810
6223
6707
259
6755
6926
8842
4677
5862
5747
8751
5879
9560
4902
2015
2898
9726
7092
9541
9969
7477
9076
6448
6228
8631
8261
2015
6756
3447
915
475
5857
9529
9064
9681
1382
4865
7855
2011
8798
4678
3027
3369
4864
7523
6934
4673
3782
1722
9230
2321
8364
5157
5402
6317
9587
4827
1955
4873
9765
3930
317
2452
899
6871
2493
8111
2633
960
6404
7833
6739
3946
937
4824
7306
6780
1044
7894
9111
951
8727
3766
4504
4048
2087
2657
1904
8812
6936
8834
1416
6023
4952
8058
8307
9952
9297
2048
3968
5701
6578
8649
3592
838
5815
8495
6967
8873
4004
5554
504
5370
5057
7912
9353
9852
687
1986
1566
4336
937
6444
8017
4864
9558
2752
2823
9817
6746
9145
3437
275
8588
431
1873
8143
8242
5171
8910
3420
4921
680
8847
3749
1
6588
7124
8090
1317
3378
3906
5674
728
78
8837
3338
4043
9148
465
5172
9595
5741
9574
9791
6263
3582
5266
4695
4303
4087
4704
5721
1624
1358
4526
2446
9516
2309
5900
5681
6782
4614
7616
8670
5323
3657
119
1016
1676
5824
8102
231
872
1552
302
5581
2534
3340
9518
1476
4416
495
7058
8662
6932
3382
7450
5111
6052
5816
7589
3139
4061
2355
6396
240
8724
8067
1995
1023
780
1233
1130
5461
6597
8279
7498
6608
4014
780
298
4504
875
9840
8121
7348
418
5397
2182
2838
4911
7368
788
5860
4727
1131
5769
5460
5817
5712
4710
4067
3776
4516
1648
4274
9222
5333
908
7773
131
8833
9018
1641
2131
9981
6248
3466
3701
9023
8392
6302
95
9849
7436
7930
8127
3795
7837
4063
5100
643
3146
1464
7020
7755
158
6274
9599
3135
4890
5560
2168
6209
4674
8762
251
1915
4820
7770
9474
6872
6418
9284
9737
3872
1569
4871
4570
8767
3082
867
5379
4192
9853
1553
2451
1499
5046
8073
5780
2712
1800
708
9569
2670
5541
4432
2425
429
8448
5129
2172
3796
5321
5946
7378
6576
8215
816
3851
3458
8229
214
3889
9820
6371
6994
1113
9016
8301
4572
3177
9092
88
2566
9923
4926
5128
6781
9279
3943
8528
4875
8728
5895
2529
1381
925
1358
2499
1912
8375
4370
3857
8795
265
4410
222
49
4707
6518
6310
2141
7778
8424
5280
4242
5138
3875
3263
6055
9011
4542
4424
4643
153
7477
5021
1322
1117
5069
7128
2260
6209
7954
8196
4374
9121
3247
2100
7664
1717
5768
535
7810
6259
8759
371
2139
481
8002
4270
2064
7512
7061
5756
6822
3076
9298
6579
524
7800
2497
6442
679
6846
37
544
1963
4812
6030
6009
6563
8050
9956
9618
1294
7392
9158
3574
5350
6165
6239
8521
142
3362
3777
8561
1191
5884
8401
6693
5039
4624
4543
6142
4599
7842
4945
7226
8591
5886
6571
9599
1664
8607
1004
4076
197
2925
3400
5355
375
7201
1438
3651
116
3284
37
7962
1115
4694
3832
1896
1143
3451
5691
4982
998
4160
6952
4598
4708
3355
3531
5580
7193
6879
6502
8777
1835
3534
7426
5784
1105
1338
2627
3873
134
9892
1030
7420
7686
9462
8409
1328
2745
4476
2343
5801
1896
8396
5087
1751
8656
6886
2129
6963
4914
8311
2660
7181
4453
2360
5974
8336
3321
675
8561
5175
9049
3413
1126
7321
3772
6271
3802
4848
2871
4167
8569
9448
4067
6411
6491
4738
470
1301
7713
6216
337
7098
5948
7835
3301
3613
123
8472
2563
417
190
5913
7167
3003
844
7319
3440
1525
3293
925
7975
5407
4725
7113
7881
2081
5950
5211
4282
5323
3136
9072
5208
1341
1696
1688
1649
9714
1442
5155
7330
2247
6172
5178
7454
8394
2729
1658
2919
5149
3383
4107
5499
8026
5118
9199
7678
1921
1293
7750
9120
1708
4338
8590
6235
691
7733
1784
2876
5259
7873
2549
2267
9434
4609
8320
3336
3958
7572
132
5172
2859
2268
3342
9801
1659
2200
8942
5735
3423
5771
2551
8301
1388
4201
8470
2672
7761
5807
7295
5738
2349
5276
8306
8306
4669
2415
8477
5891
2979
5070
3803
8844
2034
2432
4474
9316
7110
5464
3530
584
4208
5486
2209
6275
6287
7452
2972
9305
2155
9106
880
8959
9914
7174
8383
8202
6933
7131
5142
8706
693
2813
6338
6099
3959
6599
1570
7745
7343
2961
9016
6101
5704
8265
7514
1368
5209
988
9733
6554
836
4737
1329
2512
4408
7347
8447
8344
1094
1098
8862
2938
2256
9028
1053
1308
8717
5092
4444
2
6970
4007
2731
481
3178
8528
1108
5151
1102
799
4596
2200
7600
9602
4932
4703
7321
6152
5462
1231
2883
1582
6619
3693
7464
1752
2641
8637
3753
9133
4874
1245
1371
2751
9495
5041
299
902
6259
2988
4226
4313
285
3047
8884
1224
5790
418
7587
3208
5864
6933
1200
9628
2271
4849
9585
2588
8241
9527
6846
6613
912
8084
662
3741
7217
5609
4510
769
109
4051
8457
7436
8037
9979
7604
4678
9442
6107
6344
3944
6618
6283
7554
1335
6047
9656
943
9717
497
8145
993
5567
6244
5453
6943
9299
3452
1980
2472
2483
5540
3448
1607
2575
7535
7543
2643
6370
2598
5936
1998
8859
2863
2936
6477
2325
3566
728
8966
7253
4422
4957
5589
5537
328
6603
42
7960
1356
9967
9020
4657
238
8287
4417
8499
4399
3280
7189
8366
5372
1029
4935
6517
332
798
8612
6393
2018
6756
8987
3043
3666
5567
1151
9453
3601
1587
1947
1181
4022
5029
8895
2303
844
2205
4505
7678
6921
6042
2591
7823
6921
2572
1593
4795
6115
4914
1004
7479
7885
368
1152
9969
6828
9453
3170
9640
7107
7799
1622
1000
7132
2275
2933
3073
5125
6661
3460
5460
8466
5128
8613
2377
3457
858
9126
8688
8666
6791
8296
1234
2516
6369
9498
7459
453
297
5043
7174
8130
9132
6623
5964
7300
9805
9729
3195
8284
6107
5238
1992
2765
1935
8954
4273
2487
756
7668
5304
4516
3171
6668
719
4779
6649
9725
4061
322
7176
6358
9003
8369
2599
6042
830
5202
4774
5415
1281
3764
4387
9588
8014
3118
5122
6003
9640
5792
2301
8470
6360
454
183
2206
2771
1686
4414
6430
8068
8488
1933
8494
9243
6357
1675
4843
6305
616
4692
8908
6167
6322
6897
6784
6091
9898
3830
8147
8149
6737
2312
703
9748
7010
2714
1183
8368
4088
2499
7151
3932
5883
7277
9231
122
4178
5484
5751
1610
9564
4008
1620
865
5930
5865
6447
3698
8307
3471
1727
5227
3739
5468
5909
4015
3758
1038
5606
8267
1287
3708
6822
375
8797
4843
3726
9804
7612
9038
3600
8972
7121
665
5346
9730
8543
1264
3078
2951
1744
513
9194
4654
9717
1242
8395
5565
2270
4424
7956
6280
5429
6061
2677
4171
5524
9389
9087
8100
1399
5797
5355
5403
7612
5097
1098
2560
9463
9433
3911
7471
2
7007
1913
6305
6866
4647
5045
530
9124
2011
1328
523
102
4650
5921
7628
5107
2821
8021
8936
7926
8582
701
8300
8720
6493
7745
5549
9092
5576
2680
349
2959
9645
111
9930
8357
8248
5671
2195
7398
9836
396
5960
2368
7592
3855
5133
1662
3671
8789
2586
7518
5379
8424
1970
3921
6104
9019
6478
4811
3841
6379
3158
8282
4097
9233
3003
4435
4575
2773
2148
7383
4063
6956
3971
869
4809
5105
2722
682
2633
1522
1152
5667
2818
7841
1506
5187
1327
3035
4055
1727
5992
6310
6749
151
1853
7091
9210
832
1458
8194
1448
8492
7783
9957
9695
90
6451
8973
3872
3866
7181
5441
4492
8217
6166
9661
8655
6714
9670
7350
2301
2246
2945
235
4039
5402
6134
5656
6537
2527
9508
6484
7411
1207
8489
5499
8978
9747
6841
2470
1018
5810
3207
2309
6819
6323
2531
9182
1261
4331
7136
7599
9218
5330
433
7872
6470
7288
6655
9060
5869
1717
5481
3262
5001
6702
57
9569
4030
4916
4415
1343
1541
8278
4796
3619
2809
4774
589
8938
6593
649
3666
6955
4026
3768
3066
3976
4225
180
8861
1644
3786
8295
9430
9476
4656
2853
1754
8859
5177
4944
8137
2574
5828
8219
5600
5902
3426
4550
2569
5427
5535
7529
5824
237
3275
3836
4162
4630
8345
1891
2964
7748
4100
8183
429
6074
9305
2382
3521
2558
8485
269
2603
8965
9803
9716
1063
6811
4098
2519
1001
7183
1481
4285
1949
9658
7400
3906
7740
5728
7429
5175
6503
5199
1711
3369
8116
9973
1482
6591
5698
2222
8535
4493
9626
1562
3999
3333
356
1341
7885
6189
5843
2336
2933
2523
9966
1574
5093
6269
8988
4649
8118
1318
2251
5010
9790
4259
5373
4215
4086
5675
3952
9790
3555
3428
1209
3344
5460
1155
2940
7881
1126
5595
8250
9404
7959
103
487
3107
6485
6146
3254
9668
3810
3843
3156
1120
1047
9127
2238
1061
7714
167
4192
8403
2861
8456
892
2379
524
6512
2002
2514
5027
2134
5538
2038
2482
3619
4331
8840
4014
8501
8911
1495
8924
9843
4517
125
9613
6970
7434
6691
1649
7077
2678
1232
5849
5083
7303
5566
6925
1299
9820
5037
3238
5346
9279
4289
1258
9205
1695
4663
8450
154
633
9013
9625
4952
4147
4575
2547
32
8422
7893
6695
4459
8821
410
1403
1234
2558
8063
6763
2429
939
9582
6325
5827
2693
6195
5380
1712
3031
7108
2742
9701
6554
9858
5516
5001
6930
6247
5486
668
1652
3887
6393
1612
3186
4916
615
7089
2741
9649
5145
4948
1750
2360
6818
557
3881
1759
1651
5048
630
788
8190
2729
293
1554
7786
615
2901
7596
5203
3428
6874
2150
6426
9469
9121
3971
2880
6540
5120
552
8763
9003
7999
8607
3858
1651
3885
6312
251
8066
161
4955
3023
4027
9694
2073
2918
2839
3377
9520
8196
4986
8122
2892
3231
1217
4997
4922
1404
8311
4740
3144
133
8742
3979
297
1130
3066
5063
3444
625
8081
2908
1820
475
5903
2201
3531
6500
1710
1418
7
5254
243
9450
6598
1739
9452
1027
2862
5853
3285
2212
8629
3661
8729
5325
3863
1676
7894
1578
2374
3896
4409
1482
4812
7638
2553
8699
8267
2473
6912
5875
6406
9213
5459
3821
1161
1507
8978
5743
1218
777
555
68
9603
2772
9705
6058
9775
3309
9018
2090
3010
2565
2239
3664
1422
38
3372
8710
639
6248
8559
7073
8560
7053
1069
8631
8551
1850
8024
5292
5019
6578
3325
3016
6662
1584
3497
1942
1045
8064
6028
1739
508
4843
3942
6881
7750
622
7725
9344
6603
2326
8177
9592
1930
3306
1542
6973
2725
9012
1457
4159
6764
5437
4478
6628
9122
8580
7406
9157
9116
6027
766
7266
1160
3695
1410
2706
8586
2722
7712
6540
2785
7542
873
9515
632
6727
7747
2001
9896
6118
529
7755
9690
6958
2820
5597
6139
4821
5850
5514
8697
8609
2789
3313
3322
4036
551
1991
6475
6485
4281
7486
2406
4348
1227
7839
589
9482
8117
2457
6386
6787
3804
8453
3641
2409
2753
3941
1813
6870
2435
633
2671
661
8997
8094
486
4638
9514
6244
5264
2924
6748
8730
1502
7837
380
1992
5181
6630
4099
6696
4265
8015
7319
5937
7260
1522
858
7490
1764
5196
6572
7848
6899
8525
1281
7660
3984
1970
5294
8012
6522
3196
2012
2884
7533
3740
5070
6217
1949
3662
2623
8946
1039
3071
389
9363
216
2349
4147
199
4636
5401
7690
2233
9560
4075
5646
3999
5948
5779
6087
6564
1136
9271
4478
9264
8295
4766
7880
71
977
2583
3807
4763
9706
5415
2539
190
1744
8141
4399
7208
4818
4116
1424
1313
6867
1189
6641
3499
2030
7685
5545
1503
2020
4178
2966
8403
2272
1430
4827
3077
1500
5910
1093
9783
2044
4521
1611
3991
2744
5656
2163
1865
3048
3119
5970
5539
4136
9021
5963
6661
8842
6109
5481
995
7530
2945
7384
6032
7533
9464
6877
7496
2083
5693
9317
9434
4971
1788
4635
9409
7029
7648
7908
2062
8243
830
548
9684
4169
7704
851
6287
5620
5839
602
7793
6823
280
6039
123
1936
7257
1633
7252
777
8577
6165
4649
1082
4689
9998
1505
8827
3147
7299
668
8839
277
4843
6584
1949
6394
5948
4095
3568
5006
6976
2592
9550
6123
1768
6328
6606
9740
9755
381
6146
6822
2487
5015
4012
5614
9673
7659
2141
4619
5527
6085
3721
2537
5146
4626
7446
903
1993
9576
5523
222
9952
8946
2100
4542
6944
9307
7884
4198
5215
8582
5572
5360
6832
8616
7991
711
1678
691
2720
5749
3858
559
3483
4894
2421
2183
280
163
3535
7278
1663
9251
1213
4444
7229
4836
944
6104
7948
5226
9458
1236
7120
226
724
2272
4094
4350
4611
8060
3767
5165
1594
8733
8578
3526
6944
2011
2504
3089
9938
3509
953
6306
9755
3585
236
4227
6383
2580
1347
5261
1975
9226
8701
4914
5447
5635
2453
9962
6876
170
6023
4295
385
4643
8739
5511
8640
2721
1338
9687
2453
6049
6741
9343
9422
4070
2182
8285
6159
7426
2774
